,Unnamed: 0,product,link,Price,PartNumber,OnlineStock,StoreURL,6517,6526
1300,1300,Balletto Vineyards and Winery Teresa's Unoaked Chardonnay Russian River Valley 2015,https://www.finewineandgoodspirits.com/webapp/wcs/stores/servlet/ProductDisplay?catalogId=10051&storeId=10051&productId=1969372&langId=-1&partNumber=000074048prod&errorViewName=ProductDisplayErrorView&categoryId=1334028&top_category=1334028&parent_category_rn=1334028&urlLangId=&categoryType=Wines&fromURL=%2fwebapp%2fwcs%2fstores%2fservlet%2fCatalogSearchResultView%3fstoreId%3d10051%26catalogId%3d10051%26langId%3d-1%26categoryId%3d1334028%26categoryType%3d%26top_category%3d%26parent_category_rn%3d%26sortBy%3d5%26searchSource%3dE%26pageView%3d%26beginIndex%3d1470,9.99,74048,None Available,https://www.finewineandgoodspirits.com/webapp/wcs/stores/servlet/ProductDetailInStore?ItemCode=000074048&catalogId=10051&storeId=10051&langId=-1&prodlistCatId=1334028&parent_category_rn=1334028&ProdName=Balletto%20Vineyards%20and%20Winery%20Teresa%27s%20Unoaked%20Chardonnay%20Russian%20River%20Valley%202015&fromURL=/webapp/wcs/stores/servlet/CatalogSearchResultView?storeId=10051%26catalogId=10051%26langId=-1%26categoryId=1334028%26categoryType=%26top_category=%26parent_category_rn=%26sortBy=5%26searchSource=E%26pageView=%26beginIndex=1470,,
1301,1301,Mount Eden Vineyards Chardonnay Edna Valley Wolff Vineyard 2013,https://www.finewineandgoodspirits.com/webapp/wcs/stores/servlet/ProductDisplay?catalogId=10051&storeId=10051&productId=1969428&langId=-1&partNumber=000074088prod&errorViewName=ProductDisplayErrorView&categoryId=1334028&top_category=1334028&parent_category_rn=1334028&urlLangId=&categoryType=Wines&fromURL=%2fwebapp%2fwcs%2fstores%2fservlet%2fCatalogSearchResultView%3fstoreId%3d10051%26catalogId%3d10051%26langId%3d-1%26categoryId%3d1334028%26categoryType%3d%26top_category%3d%26parent_category_rn%3d%26sortBy%3d5%26searchSource%3dE%26pageView%3d%26beginIndex%3d1485,12.99,74088,None Available,https://www.finewineandgoodspirits.com/webapp/wcs/stores/servlet/ProductDetailInStore?ItemCode=000074088&catalogId=10051&storeId=10051&langId=-1&prodlistCatId=1334028&parent_category_rn=1334028&ProdName=Mount%20Eden%20Vineyards%20Chardonnay%20Edna%20Valley%20Wolff%20Vineyard%202013&fromURL=/webapp/wcs/stores/servlet/CatalogSearchResultView?storeId=10051%26catalogId=10051%26langId=-1%26categoryId=1334028%26categoryType=%26top_category=%26parent_category_rn=%26sortBy=5%26searchSource=E%26pageView=%26beginIndex=1485,,
1302,1302,Alta Maria Chardonnay Santa Maria Valley 2013,https://www.finewineandgoodspirits.com/webapp/wcs/stores/servlet/ProductDisplay?catalogId=10051&storeId=10051&productId=1969432&langId=-1&partNumber=000074090prod&errorViewName=ProductDisplayErrorView&categoryId=1334028&top_category=1334028&parent_category_rn=1334028&urlLangId=&categoryType=Wines&fromURL=%2fwebapp%2fwcs%2fstores%2fservlet%2fCatalogSearchResultView%3fstoreId%3d10051%26catalogId%3d10051%26langId%3d-1%26categoryId%3d1334028%26categoryType%3d%26top_category%3d%26parent_category_rn%3d%26sortBy%3d5%26searchSource%3dE%26pageView%3d%26beginIndex%3d1485,14.99,74090,None Available,https://www.finewineandgoodspirits.com/webapp/wcs/stores/servlet/ProductDetailInStore?ItemCode=000074090&catalogId=10051&storeId=10051&langId=-1&prodlistCatId=1334028&parent_category_rn=1334028&ProdName=Alta%20Maria%20Chardonnay%20Santa%20Maria%20Valley%202013&fromURL=/webapp/wcs/stores/servlet/CatalogSearchResultView?storeId=10051%26catalogId=10051%26langId=-1%26categoryId=1334028%26categoryType=%26top_category=%26parent_category_rn=%26sortBy=5%26searchSource=E%26pageView=%26beginIndex=1485,,
1303,1303,Au Bon Climat Chardonnay Santa Barbara County 2014,https://www.finewineandgoodspirits.com/webapp/wcs/stores/servlet/ProductDisplay?catalogId=10051&storeId=10051&productId=1969442&langId=-1&partNumber=000074097prod&errorViewName=ProductDisplayErrorView&categoryId=1334028&top_category=1334028&parent_category_rn=1334028&urlLangId=&categoryType=Wines&fromURL=%2fwebapp%2fwcs%2fstores%2fservlet%2fCatalogSearchResultView%3fstoreId%3d10051%26catalogId%3d10051%26langId%3d-1%26categoryId%3d1334028%26categoryType%3d%26top_category%3d%26parent_category_rn%3d%26sortBy%3d5%26searchSource%3dE%26pageView%3d%26beginIndex%3d1485,15.19,74097,None Available,https://www.finewineandgoodspirits.com/webapp/wcs/stores/servlet/ProductDetailInStore?ItemCode=000074097&catalogId=10051&storeId=10051&langId=-1&prodlistCatId=1334028&parent_category_rn=1334028&ProdName=Au%20Bon%20Climat%20Chardonnay%20Santa%20Barbara%20County%202014&fromURL=/webapp/wcs/stores/servlet/CatalogSearchResultView?storeId=10051%26catalogId=10051%26langId=-1%26categoryId=1334028%26categoryType=%26top_category=%26parent_category_rn=%26sortBy=5%26searchSource=E%26pageView=%26beginIndex=1485,,
1304,1304,Mouton Noir P Oui Pinot Noir 2013,https://www.finewineandgoodspirits.com/webapp/wcs/stores/servlet/ProductDisplay?catalogId=10051&storeId=10051&productId=1969444&langId=-1&partNumber=000074098prod&errorViewName=ProductDisplayErrorView&categoryId=1334028&top_category=1334028&parent_category_rn=1334028&urlLangId=&categoryType=Wines&fromURL=%2fwebapp%2fwcs%2fstores%2fservlet%2fCatalogSearchResultView%3fstoreId%3d10051%26catalogId%3d10051%26langId%3d-1%26categoryId%3d1334028%26categoryType%3d%26top_category%3d%26parent_category_rn%3d%26sortBy%3d5%26searchSource%3dE%26pageView%3d%26beginIndex%3d1485,9.99,74098,None Available,https://www.finewineandgoodspirits.com/webapp/wcs/stores/servlet/ProductDetailInStore?ItemCode=000074098&catalogId=10051&storeId=10051&langId=-1&prodlistCatId=1334028&parent_category_rn=1334028&ProdName=Mouton%20Noir%20P%20Oui%20Pinot%20Noir%202013&fromURL=/webapp/wcs/stores/servlet/CatalogSearchResultView?storeId=10051%26catalogId=10051%26langId=-1%26categoryId=1334028%26categoryType=%26top_category=%26parent_category_rn=%26sortBy=5%26searchSource=E%26pageView=%26beginIndex=1485,,
1305,1305,Mouton Noir OPP Pinot Gris 2015,https://www.finewineandgoodspirits.com/webapp/wcs/stores/servlet/ProductDisplay?catalogId=10051&storeId=10051&productId=1969448&langId=-1&partNumber=000074100prod&errorViewName=ProductDisplayErrorView&categoryId=1334028&top_category=1334028&parent_category_rn=1334028&urlLangId=&categoryType=Wines&fromURL=%2fwebapp%2fwcs%2fstores%2fservlet%2fCatalogSearchResultView%3fstoreId%3d10051%26catalogId%3d10051%26langId%3d-1%26categoryId%3d1334028%26categoryType%3d%26top_category%3d%26parent_category_rn%3d%26sortBy%3d5%26searchSource%3dE%26pageView%3d%26beginIndex%3d1485,15.99,74100,None Available,https://www.finewineandgoodspirits.com/webapp/wcs/stores/servlet/ProductDetailInStore?ItemCode=000074100&catalogId=10051&storeId=10051&langId=-1&prodlistCatId=1334028&parent_category_rn=1334028&ProdName=Mouton%20Noir%20OPP%20Pinot%20Gris%202015&fromURL=/webapp/wcs/stores/servlet/CatalogSearchResultView?storeId=10051%26catalogId=10051%26langId=-1%26categoryId=1334028%26categoryType=%26top_category=%26parent_category_rn=%26sortBy=5%26searchSource=E%26pageView=%26beginIndex=1485,,
1306,1306,Heitz Wine Cellars Chardonnay Napa Valley 2014,https://www.finewineandgoodspirits.com/webapp/wcs/stores/servlet/ProductDisplay?catalogId=10051&storeId=10051&productId=1969462&langId=-1&partNumber=000074107prod&errorViewName=ProductDisplayErrorView&categoryId=1334028&top_category=1334028&parent_category_rn=1334028&urlLangId=&categoryType=Wines&fromURL=%2fwebapp%2fwcs%2fstores%2fservlet%2fCatalogSearchResultView%3fstoreId%3d10051%26catalogId%3d10051%26langId%3d-1%26categoryId%3d1334028%26categoryType%3d%26top_category%3d%26parent_category_rn%3d%26sortBy%3d5%26searchSource%3dE%26pageView%3d%26beginIndex%3d1485,21.59,74107,None Available,https://www.finewineandgoodspirits.com/webapp/wcs/stores/servlet/ProductDetailInStore?ItemCode=000074107&catalogId=10051&storeId=10051&langId=-1&prodlistCatId=1334028&parent_category_rn=1334028&ProdName=Heitz%20Wine%20Cellars%20Chardonnay%20Napa%20Valley%202014&fromURL=/webapp/wcs/stores/servlet/CatalogSearchResultView?storeId=10051%26catalogId=10051%26langId=-1%26categoryId=1334028%26categoryType=%26top_category=%26parent_category_rn=%26sortBy=5%26searchSource=E%26pageView=%26beginIndex=1485,,
1307,1307,Green Truck Sauvignon Blanc CCOF 2014,https://www.finewineandgoodspirits.com/webapp/wcs/stores/servlet/ProductDisplay?catalogId=10051&storeId=10051&productId=1969476&langId=-1&partNumber=000074114prod&errorViewName=ProductDisplayErrorView&categoryId=1334028&top_category=1334028&parent_category_rn=1334028&urlLangId=&categoryType=Wines&fromURL=%2fwebapp%2fwcs%2fstores%2fservlet%2fCatalogSearchResultView%3fstoreId%3d10051%26catalogId%3d10051%26langId%3d-1%26categoryId%3d1334028%26categoryType%3d%26top_category%3d%26parent_category_rn%3d%26sortBy%3d5%26searchSource%3dE%26pageView%3d%26beginIndex%3d1485,10.39,74114,None Available,https://www.finewineandgoodspirits.com/webapp/wcs/stores/servlet/ProductDetailInStore?ItemCode=000074114&catalogId=10051&storeId=10051&langId=-1&prodlistCatId=1334028&parent_category_rn=1334028&ProdName=Green%20Truck%20Sauvignon%20Blanc%20CCOF%202014&fromURL=/webapp/wcs/stores/servlet/CatalogSearchResultView?storeId=10051%26catalogId=10051%26langId=-1%26categoryId=1334028%26categoryType=%26top_category=%26parent_category_rn=%26sortBy=5%26searchSource=E%26pageView=%26beginIndex=1485,,
1308,1308,Balletto Vineyards Pinot Gris RRV 2013,https://www.finewineandgoodspirits.com/webapp/wcs/stores/servlet/ProductDisplay?catalogId=10051&storeId=10051&productId=1969484&langId=-1&partNumber=000074119prod&errorViewName=ProductDisplayErrorView&categoryId=1334028&top_category=1334028&parent_category_rn=1334028&urlLangId=&categoryType=Wines&fromURL=%2fwebapp%2fwcs%2fstores%2fservlet%2fCatalogSearchResultView%3fstoreId%3d10051%26catalogId%3d10051%26langId%3d-1%26categoryId%3d1334028%26categoryType%3d%26top_category%3d%26parent_category_rn%3d%26sortBy%3d5%26searchSource%3dE%26pageView%3d%26beginIndex%3d1485,12.79,74119,None Available,https://www.finewineandgoodspirits.com/webapp/wcs/stores/servlet/ProductDetailInStore?ItemCode=000074119&catalogId=10051&storeId=10051&langId=-1&prodlistCatId=1334028&parent_category_rn=1334028&ProdName=Balletto%20Vineyards%20Pinot%20Gris%20RRV%202013&fromURL=/webapp/wcs/stores/servlet/CatalogSearchResultView?storeId=10051%26catalogId=10051%26langId=-1%26categoryId=1334028%26categoryType=%26top_category=%26parent_category_rn=%26sortBy=5%26searchSource=E%26pageView=%26beginIndex=1485,,
1309,1309,JaM Cellars Cabernet Sauvignon 2014,https://www.finewineandgoodspirits.com/webapp/wcs/stores/servlet/ProductDisplay?catalogId=10051&storeId=10051&productId=1969494&langId=-1&partNumber=000074125prod&errorViewName=ProductDisplayErrorView&categoryId=1334028&top_category=1334028&parent_category_rn=1334028&urlLangId=&categoryType=Wines&fromURL=%2fwebapp%2fwcs%2fstores%2fservlet%2fCatalogSearchResultView%3fstoreId%3d10051%26catalogId%3d10051%26langId%3d-1%26categoryId%3d1334028%26categoryType%3d%26top_category%3d%26parent_category_rn%3d%26sortBy%3d5%26searchSource%3dE%26pageView%3d%26beginIndex%3d1485,15.99,74125,None Available,https://www.finewineandgoodspirits.com/webapp/wcs/stores/servlet/ProductDetailInStore?ItemCode=000074125&catalogId=10051&storeId=10051&langId=-1&prodlistCatId=1334028&parent_category_rn=1334028&ProdName=JaM%20Cellars%20Cabernet%20Sauvignon%202014&fromURL=/webapp/wcs/stores/servlet/CatalogSearchResultView?storeId=10051%26catalogId=10051%26langId=-1%26categoryId=1334028%26categoryType=%26top_category=%26parent_category_rn=%26sortBy=5%26searchSource=E%26pageView=%26beginIndex=1485,,
1310,1310,Van Duzer Vineyards Estate Pinot Noir Willamette Valley 2013,https://www.finewineandgoodspirits.com/webapp/wcs/stores/servlet/ProductDisplay?catalogId=10051&storeId=10051&productId=1969498&langId=-1&partNumber=000074127prod&errorViewName=ProductDisplayErrorView&categoryId=1334028&top_category=1334028&parent_category_rn=1334028&urlLangId=&categoryType=Wines&fromURL=%2fwebapp%2fwcs%2fstores%2fservlet%2fCatalogSearchResultView%3fstoreId%3d10051%26catalogId%3d10051%26langId%3d-1%26categoryId%3d1334028%26categoryType%3d%26top_category%3d%26parent_category_rn%3d%26sortBy%3d5%26searchSource%3dE%26pageView%3d%26beginIndex%3d1485,19.99,74127,None Available,https://www.finewineandgoodspirits.com/webapp/wcs/stores/servlet/ProductDetailInStore?ItemCode=000074127&catalogId=10051&storeId=10051&langId=-1&prodlistCatId=1334028&parent_category_rn=1334028&ProdName=Van%20Duzer%20Vineyards%20Estate%20Pinot%20Noir%20Willamette%20Valley%202013&fromURL=/webapp/wcs/stores/servlet/CatalogSearchResultView?storeId=10051%26catalogId=10051%26langId=-1%26categoryId=1334028%26categoryType=%26top_category=%26parent_category_rn=%26sortBy=5%26searchSource=E%26pageView=%26beginIndex=1485,,
1311,1311,McFadden Sauvignon Blanc Blue Quail Potter Valley 2014,https://www.finewineandgoodspirits.com/webapp/wcs/stores/servlet/ProductDisplay?catalogId=10051&storeId=10051&productId=1969522&langId=-1&partNumber=000074139prod&errorViewName=ProductDisplayErrorView&categoryId=1334028&top_category=1334028&parent_category_rn=1334028&urlLangId=&categoryType=Wines&fromURL=%2fwebapp%2fwcs%2fstores%2fservlet%2fCatalogSearchResultView%3fstoreId%3d10051%26catalogId%3d10051%26langId%3d-1%26categoryId%3d1334028%26categoryType%3d%26top_category%3d%26parent_category_rn%3d%26sortBy%3d5%26searchSource%3dE%26pageView%3d%26beginIndex%3d1485,9.19,74139,None Available,https://www.finewineandgoodspirits.com/webapp/wcs/stores/servlet/ProductDetailInStore?ItemCode=000074139&catalogId=10051&storeId=10051&langId=-1&prodlistCatId=1334028&parent_category_rn=1334028&ProdName=McFadden%20Sauvignon%20Blanc%20Blue%20Quail%20Potter%20Valley%202014&fromURL=/webapp/wcs/stores/servlet/CatalogSearchResultView?storeId=10051%26catalogId=10051%26langId=-1%26categoryId=1334028%26categoryType=%26top_category=%26parent_category_rn=%26sortBy=5%26searchSource=E%26pageView=%26beginIndex=1485,,
1312,1312,Blue Quail Chardonnay 2015,https://www.finewineandgoodspirits.com/webapp/wcs/stores/servlet/ProductDisplay?catalogId=10051&storeId=10051&productId=1969524&langId=-1&partNumber=000074140prod&errorViewName=ProductDisplayErrorView&categoryId=1334028&top_category=1334028&parent_category_rn=1334028&urlLangId=&categoryType=Wines&fromURL=%2fwebapp%2fwcs%2fstores%2fservlet%2fCatalogSearchResultView%3fstoreId%3d10051%26catalogId%3d10051%26langId%3d-1%26categoryId%3d1334028%26categoryType%3d%26top_category%3d%26parent_category_rn%3d%26sortBy%3d5%26searchSource%3dE%26pageView%3d%26beginIndex%3d45,9.19,74140,None Available,https://www.finewineandgoodspirits.com/webapp/wcs/stores/servlet/ProductDetailInStore?ItemCode=000074140&catalogId=10051&storeId=10051&langId=-1&prodlistCatId=1334028&parent_category_rn=1334028&ProdName=Blue%20Quail%20Chardonnay%202015&fromURL=/webapp/wcs/stores/servlet/CatalogSearchResultView?storeId=10051%26catalogId=10051%26langId=-1%26categoryId=1334028%26categoryType=%26top_category=%26parent_category_rn=%26sortBy=5%26searchSource=E%26pageView=%26beginIndex=45,,
1313,1313,McFadden Farm Old Vine Zinfandel 2012,https://www.finewineandgoodspirits.com/webapp/wcs/stores/servlet/ProductDisplay?catalogId=10051&storeId=10051&productId=1969526&langId=-1&partNumber=000074141prod&errorViewName=ProductDisplayErrorView&categoryId=1334028&top_category=1334028&parent_category_rn=1334028&urlLangId=&categoryType=Wines&fromURL=%2fwebapp%2fwcs%2fstores%2fservlet%2fCatalogSearchResultView%3fstoreId%3d10051%26catalogId%3d10051%26langId%3d-1%26categoryId%3d1334028%26categoryType%3d%26top_category%3d%26parent_category_rn%3d%26sortBy%3d5%26searchSource%3dE%26pageView%3d%26beginIndex%3d1500,7.99,74141,None Available,https://www.finewineandgoodspirits.com/webapp/wcs/stores/servlet/ProductDetailInStore?ItemCode=000074141&catalogId=10051&storeId=10051&langId=-1&prodlistCatId=1334028&parent_category_rn=1334028&ProdName=McFadden%20Farm%20Old%20Vine%20Zinfandel%202012&fromURL=/webapp/wcs/stores/servlet/CatalogSearchResultView?storeId=10051%26catalogId=10051%26langId=-1%26categoryId=1334028%26categoryType=%26top_category=%26parent_category_rn=%26sortBy=5%26searchSource=E%26pageView=%26beginIndex=1500,,
1314,1314,Chateau Julien Royalty Red 2014,https://www.finewineandgoodspirits.com/webapp/wcs/stores/servlet/ProductDisplay?catalogId=10051&storeId=10051&productId=1969530&langId=-1&partNumber=000074144prod&errorViewName=ProductDisplayErrorView&categoryId=1334028&top_category=1334028&parent_category_rn=1334028&urlLangId=&categoryType=Wines&fromURL=%2fwebapp%2fwcs%2fstores%2fservlet%2fCatalogSearchResultView%3fstoreId%3d10051%26catalogId%3d10051%26langId%3d-1%26categoryId%3d1334028%26categoryType%3d%26top_category%3d%26parent_category_rn%3d%26sortBy%3d5%26searchSource%3dE%26pageView%3d%26beginIndex%3d1500,10.39,74144,None Available,https://www.finewineandgoodspirits.com/webapp/wcs/stores/servlet/ProductDetailInStore?ItemCode=000074144&catalogId=10051&storeId=10051&langId=-1&prodlistCatId=1334028&parent_category_rn=1334028&ProdName=Chateau%20Julien%20Royalty%20Red%202014&fromURL=/webapp/wcs/stores/servlet/CatalogSearchResultView?storeId=10051%26catalogId=10051%26langId=-1%26categoryId=1334028%26categoryType=%26top_category=%26parent_category_rn=%26sortBy=5%26searchSource=E%26pageView=%26beginIndex=1500,,
1315,1315,Turnbull Oakville Estate Sauvignon Blanc 2015,https://www.finewineandgoodspirits.com/webapp/wcs/stores/servlet/ProductDisplay?catalogId=10051&storeId=10051&productId=1969536&langId=-1&partNumber=000074147prod&errorViewName=ProductDisplayErrorView&categoryId=1334028&top_category=1334028&parent_category_rn=1334028&urlLangId=&categoryType=Wines&fromURL=%2fwebapp%2fwcs%2fstores%2fservlet%2fCatalogSearchResultView%3fstoreId%3d10051%26catalogId%3d10051%26langId%3d-1%26categoryId%3d1334028%26categoryType%3d%26top_category%3d%26parent_category_rn%3d%26sortBy%3d5%26searchSource%3dE%26pageView%3d%26beginIndex%3d1500,19.99,74147,None Available,https://www.finewineandgoodspirits.com/webapp/wcs/stores/servlet/ProductDetailInStore?ItemCode=000074147&catalogId=10051&storeId=10051&langId=-1&prodlistCatId=1334028&parent_category_rn=1334028&ProdName=Turnbull%20Oakville%20Estate%20Sauvignon%20Blanc%202015&fromURL=/webapp/wcs/stores/servlet/CatalogSearchResultView?storeId=10051%26catalogId=10051%26langId=-1%26categoryId=1334028%26categoryType=%26top_category=%26parent_category_rn=%26sortBy=5%26searchSource=E%26pageView=%26beginIndex=1500,,
1316,1316,Frey Natural Rose Redwood Valley Non Vintage,https://www.finewineandgoodspirits.com/webapp/wcs/stores/servlet/ProductDisplay?catalogId=10051&storeId=10051&productId=1969542&langId=-1&partNumber=000074150prod&errorViewName=ProductDisplayErrorView&categoryId=1334028&top_category=1334028&parent_category_rn=1334028&urlLangId=&categoryType=Wines&fromURL=%2fwebapp%2fwcs%2fstores%2fservlet%2fCatalogSearchResultView%3fstoreId%3d10051%26catalogId%3d10051%26langId%3d-1%26categoryId%3d1334028%26categoryType%3d%26top_category%3d%26parent_category_rn%3d%26sortBy%3d5%26searchSource%3dE%26pageView%3d%26beginIndex%3d1500,8.79,74150,None Available,https://www.finewineandgoodspirits.com/webapp/wcs/stores/servlet/ProductDetailInStore?ItemCode=000074150&catalogId=10051&storeId=10051&langId=-1&prodlistCatId=1334028&parent_category_rn=1334028&ProdName=Frey%20Natural%20Rose%20Redwood%20Valley%20Non%20Vintage&fromURL=/webapp/wcs/stores/servlet/CatalogSearchResultView?storeId=10051%26catalogId=10051%26langId=-1%26categoryId=1334028%26categoryType=%26top_category=%26parent_category_rn=%26sortBy=5%26searchSource=E%26pageView=%26beginIndex=1500,,
1317,1317,Frey Biodynamic Syrah Mendocino 2013,https://www.finewineandgoodspirits.com/webapp/wcs/stores/servlet/ProductDisplay?catalogId=10051&storeId=10051&productId=1969546&langId=-1&partNumber=000074152prod&errorViewName=ProductDisplayErrorView&categoryId=1334028&top_category=1334028&parent_category_rn=1334028&urlLangId=&categoryType=Wines&fromURL=%2fwebapp%2fwcs%2fstores%2fservlet%2fCatalogSearchResultView%3fstoreId%3d10051%26catalogId%3d10051%26langId%3d-1%26categoryId%3d1334028%26categoryType%3d%26top_category%3d%26parent_category_rn%3d%26sortBy%3d5%26searchSource%3dE%26pageView%3d%26beginIndex%3d1500,15.19,74152,None Available,https://www.finewineandgoodspirits.com/webapp/wcs/stores/servlet/ProductDetailInStore?ItemCode=000074152&catalogId=10051&storeId=10051&langId=-1&prodlistCatId=1334028&parent_category_rn=1334028&ProdName=Frey%20Biodynamic%20Syrah%20Mendocino%202013&fromURL=/webapp/wcs/stores/servlet/CatalogSearchResultView?storeId=10051%26catalogId=10051%26langId=-1%26categoryId=1334028%26categoryType=%26top_category=%26parent_category_rn=%26sortBy=5%26searchSource=E%26pageView=%26beginIndex=1500,,
1318,1318,Talbot Logan Vineyard Chardonnay St Lucia Highlands 2014,https://www.finewineandgoodspirits.com/webapp/wcs/stores/servlet/ProductDisplay?catalogId=10051&storeId=10051&productId=1969562&langId=-1&partNumber=000074160prod&errorViewName=ProductDisplayErrorView&categoryId=1334028&top_category=1334028&parent_category_rn=1334028&urlLangId=&categoryType=Wines&fromURL=%2fwebapp%2fwcs%2fstores%2fservlet%2fCatalogSearchResultView%3fstoreId%3d10051%26catalogId%3d10051%26langId%3d-1%26categoryId%3d1334028%26categoryType%3d%26top_category%3d%26parent_category_rn%3d%26sortBy%3d5%26searchSource%3dE%26pageView%3d%26beginIndex%3d1500,15.99,74160,None Available,https://www.finewineandgoodspirits.com/webapp/wcs/stores/servlet/ProductDetailInStore?ItemCode=000074160&catalogId=10051&storeId=10051&langId=-1&prodlistCatId=1334028&parent_category_rn=1334028&ProdName=Talbot%20Logan%20Vineyard%20Chardonnay%20St%20Lucia%20Highlands%202014&fromURL=/webapp/wcs/stores/servlet/CatalogSearchResultView?storeId=10051%26catalogId=10051%26langId=-1%26categoryId=1334028%26categoryType=%26top_category=%26parent_category_rn=%26sortBy=5%26searchSource=E%26pageView=%26beginIndex=1500,,
1319,1319,Decoy Zinfandel Sonoma County 2014,https://www.finewineandgoodspirits.com/webapp/wcs/stores/servlet/ProductDisplay?catalogId=10051&storeId=10051&productId=1969580&langId=-1&partNumber=000074172prod&errorViewName=ProductDisplayErrorView&categoryId=&top_category=&parent_category_rn=&urlLangId=&categoryType=Wines&fromURL=%2fwebapp%2fwcs%2fstores%2fservlet%2fCatalogSearchResultView%3fstoreId%3d10051%26catalogId%3d10051%26langId%3d-1%26sType%3dSimpleSearch%26resultCatEntryType%3d2%26showResultsPage%3dtrue%26pageSize%3d15%26sortBy%3d5%26searchSource%3dQ%26pageView%3d%26beginIndex%3d0%26searchTerm%3dZinfandel%26SearchKeyWord%3d,15.99,74172,None Available,https://www.finewineandgoodspirits.com/webapp/wcs/stores/servlet/ProductDetailInStore?ItemCode=000074172&catalogId=10051&storeId=10051&langId=-1&prodlistCatId=&parent_category_rn=&ProdName=Decoy%20Zinfandel%20Sonoma%20County%202014&fromURL=/webapp/wcs/stores/servlet/CatalogSearchResultView?storeId=10051%26catalogId=10051%26langId=-1%26sType=SimpleSearch%26resultCatEntryType=2%26showResultsPage=true%26pageSize=15%26sortBy=5%26searchSource=Q%26pageView=%26beginIndex=0%26searchTerm=Zinfandel%26SearchKeyWord=,,
1320,1320,Clendenen Family Vineyards Pip Chardonnay Santa Maria 2013,https://www.finewineandgoodspirits.com/webapp/wcs/stores/servlet/ProductDisplay?catalogId=10051&storeId=10051&productId=1969584&langId=-1&partNumber=000074175prod&errorViewName=ProductDisplayErrorView&categoryId=1334028&top_category=1334028&parent_category_rn=1334028&urlLangId=&categoryType=Wines&fromURL=%2fwebapp%2fwcs%2fstores%2fservlet%2fCatalogSearchResultView%3fstoreId%3d10051%26catalogId%3d10051%26langId%3d-1%26categoryId%3d1334028%26categoryType%3d%26top_category%3d%26parent_category_rn%3d%26sortBy%3d5%26searchSource%3dE%26pageView%3d%26beginIndex%3d1500,10.99,74175,None Available,https://www.finewineandgoodspirits.com/webapp/wcs/stores/servlet/ProductDetailInStore?ItemCode=000074175&catalogId=10051&storeId=10051&langId=-1&prodlistCatId=1334028&parent_category_rn=1334028&ProdName=Clendenen%20Family%20Vineyards%20Pip%20Chardonnay%20Santa%20Maria%202013&fromURL=/webapp/wcs/stores/servlet/CatalogSearchResultView?storeId=10051%26catalogId=10051%26langId=-1%26categoryId=1334028%26categoryType=%26top_category=%26parent_category_rn=%26sortBy=5%26searchSource=E%26pageView=%26beginIndex=1500,,
1321,1321,Mer Soleil Chardonnay California Reserve 2014,https://www.finewineandgoodspirits.com/webapp/wcs/stores/servlet/ProductDisplay?catalogId=10051&storeId=10051&productId=1969602&langId=-1&partNumber=000074185prod&errorViewName=ProductDisplayErrorView&categoryId=1334028&top_category=1334028&parent_category_rn=1334028&urlLangId=&categoryType=Wines&fromURL=%2fwebapp%2fwcs%2fstores%2fservlet%2fCatalogSearchResultView%3fstoreId%3d10051%26catalogId%3d10051%26langId%3d-1%26categoryId%3d1334028%26categoryType%3d%26top_category%3d%26parent_category_rn%3d%26sortBy%3d5%26searchSource%3dE%26pageView%3d%26beginIndex%3d1500,23.99,74185,None Available,https://www.finewineandgoodspirits.com/webapp/wcs/stores/servlet/ProductDetailInStore?ItemCode=000074185&catalogId=10051&storeId=10051&langId=-1&prodlistCatId=1334028&parent_category_rn=1334028&ProdName=Mer%20Soleil%20Chardonnay%20California%20Reserve%202014&fromURL=/webapp/wcs/stores/servlet/CatalogSearchResultView?storeId=10051%26catalogId=10051%26langId=-1%26categoryId=1334028%26categoryType=%26top_category=%26parent_category_rn=%26sortBy=5%26searchSource=E%26pageView=%26beginIndex=1500,,
1322,1322,Freemark Abbey Chardonnay Napa Valley 2014,https://www.finewineandgoodspirits.com/webapp/wcs/stores/servlet/ProductDisplay?catalogId=10051&storeId=10051&productId=1969610&langId=-1&partNumber=000074189prod&errorViewName=ProductDisplayErrorView&categoryId=1334028&top_category=1334028&parent_category_rn=1334028&urlLangId=&categoryType=Wines&fromURL=%2fwebapp%2fwcs%2fstores%2fservlet%2fCatalogSearchResultView%3fstoreId%3d10051%26catalogId%3d10051%26langId%3d-1%26categoryId%3d1334028%26categoryType%3d%26top_category%3d%26parent_category_rn%3d%26sortBy%3d5%26searchSource%3dE%26pageView%3d%26beginIndex%3d1500,22.39,74189,None Available,https://www.finewineandgoodspirits.com/webapp/wcs/stores/servlet/ProductDetailInStore?ItemCode=000074189&catalogId=10051&storeId=10051&langId=-1&prodlistCatId=1334028&parent_category_rn=1334028&ProdName=Freemark%20Abbey%20Chardonnay%20Napa%20Valley%202014&fromURL=/webapp/wcs/stores/servlet/CatalogSearchResultView?storeId=10051%26catalogId=10051%26langId=-1%26categoryId=1334028%26categoryType=%26top_category=%26parent_category_rn=%26sortBy=5%26searchSource=E%26pageView=%26beginIndex=1500,,
1323,1323,Vineyard 36 Cabernet Sauvignon Napa Valley 2012,https://www.finewineandgoodspirits.com/webapp/wcs/stores/servlet/ProductDisplay?catalogId=10051&storeId=10051&productId=1969622&langId=-1&partNumber=000074196prod&errorViewName=ProductDisplayErrorView&categoryId=1333941&top_category=25588&parent_category_rn=1333936&urlLangId=&variety=Cabernet+Sauvignon&categoryType=Wines&fromURL=%2fwebapp%2fwcs%2fstores%2fservlet%2fCatalogSearchResultView%3fstoreId%3d10051%26catalogId%3d10051%26langId%3d-1%26categoryId%3d1333941%26variety%3dCabernet%2bSauvignon%26categoryType%3dWines%26top_category%3d%26parent_category_rn%3d%26sortBy%3d5%26searchSource%3dE%26pageView%3d%26beginIndex%3d0,24.99,74196,None Available,https://www.finewineandgoodspirits.com/webapp/wcs/stores/servlet/ProductDetailInStore?ItemCode=000074196&catalogId=10051&storeId=10051&langId=-1&prodlistCatId=1333941&parent_category_rn=1333936&ProdName=Vineyard%2036%20Cabernet%20Sauvignon%20Napa%20Valley%202012&fromURL=/webapp/wcs/stores/servlet/CatalogSearchResultView?storeId=10051%26catalogId=10051%26langId=-1%26categoryId=1333941%26variety=Cabernet+Sauvignon%26categoryType=Wines%26top_category=%26parent_category_rn=%26sortBy=5%26searchSource=E%26pageView=%26beginIndex=0,,
1324,1324,Merlo Family Vineyards Chardonnay 2013,https://www.finewineandgoodspirits.com/webapp/wcs/stores/servlet/ProductDisplay?catalogId=10051&storeId=10051&productId=1969626&langId=-1&partNumber=000074198prod&errorViewName=ProductDisplayErrorView&categoryId=1334028&top_category=1334028&parent_category_rn=1334028&urlLangId=&categoryType=Wines&fromURL=%2fwebapp%2fwcs%2fstores%2fservlet%2fCatalogSearchResultView%3fstoreId%3d10051%26catalogId%3d10051%26langId%3d-1%26categoryId%3d1334028%26categoryType%3d%26top_category%3d%26parent_category_rn%3d%26sortBy%3d5%26searchSource%3dE%26pageView%3d%26beginIndex%3d1515,15.19,74198,None Available,https://www.finewineandgoodspirits.com/webapp/wcs/stores/servlet/ProductDetailInStore?ItemCode=000074198&catalogId=10051&storeId=10051&langId=-1&prodlistCatId=1334028&parent_category_rn=1334028&ProdName=Merlo%20Family%20Vineyards%20Chardonnay%202013&fromURL=/webapp/wcs/stores/servlet/CatalogSearchResultView?storeId=10051%26catalogId=10051%26langId=-1%26categoryId=1334028%26categoryType=%26top_category=%26parent_category_rn=%26sortBy=5%26searchSource=E%26pageView=%26beginIndex=1515,,
1325,1325,Merlo Family Vineyards Blackbird NV,https://www.finewineandgoodspirits.com/webapp/wcs/stores/servlet/ProductDisplay?catalogId=10051&storeId=10051&productId=1969628&langId=-1&partNumber=000074199prod&errorViewName=ProductDisplayErrorView&categoryId=1334028&top_category=1334028&parent_category_rn=1334028&urlLangId=&categoryType=Wines&fromURL=%2fwebapp%2fwcs%2fstores%2fservlet%2fCatalogSearchResultView%3fstoreId%3d10051%26catalogId%3d10051%26langId%3d-1%26categoryId%3d1334028%26categoryType%3d%26top_category%3d%26parent_category_rn%3d%26sortBy%3d5%26searchSource%3dE%26pageView%3d%26beginIndex%3d1515,14.39,74199,None Available,https://www.finewineandgoodspirits.com/webapp/wcs/stores/servlet/ProductDetailInStore?ItemCode=000074199&catalogId=10051&storeId=10051&langId=-1&prodlistCatId=1334028&parent_category_rn=1334028&ProdName=Merlo%20Family%20Vineyards%20Blackbird%20NV&fromURL=/webapp/wcs/stores/servlet/CatalogSearchResultView?storeId=10051%26catalogId=10051%26langId=-1%26categoryId=1334028%26categoryType=%26top_category=%26parent_category_rn=%26sortBy=5%26searchSource=E%26pageView=%26beginIndex=1515,,
1326,1326,Quivira Rose Dry Creek Valley 2015,https://www.finewineandgoodspirits.com/webapp/wcs/stores/servlet/ProductDisplay?catalogId=10051&storeId=10051&productId=1969678&langId=-1&partNumber=000074225prod&errorViewName=ProductDisplayErrorView&categoryId=1334028&top_category=1334028&parent_category_rn=1334028&urlLangId=&categoryType=Wines&fromURL=%2fwebapp%2fwcs%2fstores%2fservlet%2fCatalogSearchResultView%3fstoreId%3d10051%26catalogId%3d10051%26langId%3d-1%26categoryId%3d1334028%26categoryType%3d%26top_category%3d%26parent_category_rn%3d%26sortBy%3d5%26searchSource%3dE%26pageView%3d%26beginIndex%3d1515,10.99,74225,None Available,https://www.finewineandgoodspirits.com/webapp/wcs/stores/servlet/ProductDetailInStore?ItemCode=000074225&catalogId=10051&storeId=10051&langId=-1&prodlistCatId=1334028&parent_category_rn=1334028&ProdName=Quivira%20Rose%20Dry%20Creek%20Valley%202015&fromURL=/webapp/wcs/stores/servlet/CatalogSearchResultView?storeId=10051%26catalogId=10051%26langId=-1%26categoryId=1334028%26categoryType=%26top_category=%26parent_category_rn=%26sortBy=5%26searchSource=E%26pageView=%26beginIndex=1515,,
1327,1327,Ferrari Carano Reserve Chardonnay Carneros 2013,https://www.finewineandgoodspirits.com/webapp/wcs/stores/servlet/ProductDisplay?catalogId=10051&storeId=10051&productId=1969680&langId=-1&partNumber=000074227prod&errorViewName=ProductDisplayErrorView&categoryId=1334028&top_category=1334028&parent_category_rn=1334028&urlLangId=&categoryType=Wines&fromURL=%2fwebapp%2fwcs%2fstores%2fservlet%2fCatalogSearchResultView%3fstoreId%3d10051%26catalogId%3d10051%26langId%3d-1%26categoryId%3d1334028%26categoryType%3d%26top_category%3d%26parent_category_rn%3d%26sortBy%3d5%26searchSource%3dE%26pageView%3d%26beginIndex%3d1515,23.99,74227,None Available,https://www.finewineandgoodspirits.com/webapp/wcs/stores/servlet/ProductDetailInStore?ItemCode=000074227&catalogId=10051&storeId=10051&langId=-1&prodlistCatId=1334028&parent_category_rn=1334028&ProdName=Ferrari%20Carano%20Reserve%20Chardonnay%20Carneros%202013&fromURL=/webapp/wcs/stores/servlet/CatalogSearchResultView?storeId=10051%26catalogId=10051%26langId=-1%26categoryId=1334028%26categoryType=%26top_category=%26parent_category_rn=%26sortBy=5%26searchSource=E%26pageView=%26beginIndex=1515,,
1328,1328,McManis Family Vineyards Viognier River Junction 2015,https://www.finewineandgoodspirits.com/webapp/wcs/stores/servlet/ProductDisplay?catalogId=10051&storeId=10051&productId=1969698&langId=-1&partNumber=000074239prod&errorViewName=ProductDisplayErrorView&categoryId=1334028&top_category=1334028&parent_category_rn=1334028&urlLangId=&categoryType=Wines&fromURL=%2fwebapp%2fwcs%2fstores%2fservlet%2fCatalogSearchResultView%3fstoreId%3d10051%26catalogId%3d10051%26langId%3d-1%26categoryId%3d1334028%26categoryType%3d%26top_category%3d%26parent_category_rn%3d%26sortBy%3d5%26searchSource%3dE%26pageView%3d%26beginIndex%3d1515,9.59,74239,None Available,https://www.finewineandgoodspirits.com/webapp/wcs/stores/servlet/ProductDetailInStore?ItemCode=000074239&catalogId=10051&storeId=10051&langId=-1&prodlistCatId=1334028&parent_category_rn=1334028&ProdName=McManis%20Family%20Vineyards%20Viognier%20River%20Junction%202015&fromURL=/webapp/wcs/stores/servlet/CatalogSearchResultView?storeId=10051%26catalogId=10051%26langId=-1%26categoryId=1334028%26categoryType=%26top_category=%26parent_category_rn=%26sortBy=5%26searchSource=E%26pageView=%26beginIndex=1515,,
1329,1329,Robert Hall Winery Sauvignon Blanc Paso Robles 2015,https://www.finewineandgoodspirits.com/webapp/wcs/stores/servlet/ProductDisplay?catalogId=10051&storeId=10051&productId=1969700&langId=-1&partNumber=000074240prod&errorViewName=ProductDisplayErrorView&categoryId=1334028&top_category=1334028&parent_category_rn=1334028&urlLangId=&categoryType=Wines&fromURL=%2fwebapp%2fwcs%2fstores%2fservlet%2fCatalogSearchResultView%3fstoreId%3d10051%26catalogId%3d10051%26langId%3d-1%26categoryId%3d1334028%26categoryType%3d%26top_category%3d%26parent_category_rn%3d%26sortBy%3d5%26searchSource%3dE%26pageView%3d%26beginIndex%3d1515,7.49,74240,None Available,https://www.finewineandgoodspirits.com/webapp/wcs/stores/servlet/ProductDetailInStore?ItemCode=000074240&catalogId=10051&storeId=10051&langId=-1&prodlistCatId=1334028&parent_category_rn=1334028&ProdName=Robert%20Hall%20Winery%20Sauvignon%20Blanc%20Paso%20Robles%202015&fromURL=/webapp/wcs/stores/servlet/CatalogSearchResultView?storeId=10051%26catalogId=10051%26langId=-1%26categoryId=1334028%26categoryType=%26top_category=%26parent_category_rn=%26sortBy=5%26searchSource=E%26pageView=%26beginIndex=1515,,
1330,1330,Miner Family Winery Chardonnay Napa Valley 2013,https://www.finewineandgoodspirits.com/webapp/wcs/stores/servlet/ProductDisplay?catalogId=10051&storeId=10051&productId=1969706&langId=-1&partNumber=000074243prod&errorViewName=ProductDisplayErrorView&categoryId=1334028&top_category=1334028&parent_category_rn=1334028&urlLangId=&categoryType=Wines&fromURL=%2fwebapp%2fwcs%2fstores%2fservlet%2fCatalogSearchResultView%3fstoreId%3d10051%26catalogId%3d10051%26langId%3d-1%26categoryId%3d1334028%26categoryType%3d%26top_category%3d%26parent_category_rn%3d%26sortBy%3d5%26searchSource%3dE%26pageView%3d%26beginIndex%3d1515,13.49,74243,None Available,https://www.finewineandgoodspirits.com/webapp/wcs/stores/servlet/ProductDetailInStore?ItemCode=000074243&catalogId=10051&storeId=10051&langId=-1&prodlistCatId=1334028&parent_category_rn=1334028&ProdName=Miner%20Family%20Winery%20Chardonnay%20Napa%20Valley%202013&fromURL=/webapp/wcs/stores/servlet/CatalogSearchResultView?storeId=10051%26catalogId=10051%26langId=-1%26categoryId=1334028%26categoryType=%26top_category=%26parent_category_rn=%26sortBy=5%26searchSource=E%26pageView=%26beginIndex=1515,,
1331,1331,Alexander Valley Vineyard Estate Syrah Alexander Valley 2014,https://www.finewineandgoodspirits.com/webapp/wcs/stores/servlet/ProductDisplay?catalogId=10051&storeId=10051&productId=1969708&langId=-1&partNumber=000074244prod&errorViewName=ProductDisplayErrorView&categoryId=1334028&top_category=1334028&parent_category_rn=1334028&urlLangId=&categoryType=Wines&fromURL=%2fwebapp%2fwcs%2fstores%2fservlet%2fCatalogSearchResultView%3fstoreId%3d10051%26catalogId%3d10051%26langId%3d-1%26categoryId%3d1334028%26categoryType%3d%26top_category%3d%26parent_category_rn%3d%26sortBy%3d5%26searchSource%3dE%26pageView%3d%26beginIndex%3d1515,9.49,74244,None Available,https://www.finewineandgoodspirits.com/webapp/wcs/stores/servlet/ProductDetailInStore?ItemCode=000074244&catalogId=10051&storeId=10051&langId=-1&prodlistCatId=1334028&parent_category_rn=1334028&ProdName=Alexander%20Valley%20Vineyard%20Estate%20Syrah%20Alexander%20Valley%202014&fromURL=/webapp/wcs/stores/servlet/CatalogSearchResultView?storeId=10051%26catalogId=10051%26langId=-1%26categoryId=1334028%26categoryType=%26top_category=%26parent_category_rn=%26sortBy=5%26searchSource=E%26pageView=%26beginIndex=1515,,
1332,1332,Au Contraire Chardonnay Russian River Valley 2015,https://www.finewineandgoodspirits.com/webapp/wcs/stores/servlet/ProductDisplay?catalogId=10051&storeId=10051&productId=1969710&langId=-1&partNumber=000074246prod&errorViewName=ProductDisplayErrorView&categoryId=1334028&top_category=1334028&parent_category_rn=1334028&urlLangId=&categoryType=Wines&fromURL=%2fwebapp%2fwcs%2fstores%2fservlet%2fCatalogSearchResultView%3fstoreId%3d10051%26catalogId%3d10051%26langId%3d-1%26categoryId%3d1334028%26categoryType%3d%26top_category%3d%26parent_category_rn%3d%26sortBy%3d5%26searchSource%3dE%26pageView%3d%26beginIndex%3d1515,13.59,74246,None Available,https://www.finewineandgoodspirits.com/webapp/wcs/stores/servlet/ProductDetailInStore?ItemCode=000074246&catalogId=10051&storeId=10051&langId=-1&prodlistCatId=1334028&parent_category_rn=1334028&ProdName=Au%20Contraire%20Chardonnay%20Russian%20River%20Valley%202015&fromURL=/webapp/wcs/stores/servlet/CatalogSearchResultView?storeId=10051%26catalogId=10051%26langId=-1%26categoryId=1334028%26categoryType=%26top_category=%26parent_category_rn=%26sortBy=5%26searchSource=E%26pageView=%26beginIndex=1515,,
1333,1333,Owen Roe Ex Umbris Syrah Yakima Valley 2014,https://www.finewineandgoodspirits.com/webapp/wcs/stores/servlet/ProductDisplay?catalogId=10051&storeId=10051&productId=1969712&langId=-1&partNumber=000074248prod&errorViewName=ProductDisplayErrorView&categoryId=1334028&top_category=1334028&parent_category_rn=1334028&urlLangId=&categoryType=Wines&fromURL=%2fwebapp%2fwcs%2fstores%2fservlet%2fCatalogSearchResultView%3fstoreId%3d10051%26catalogId%3d10051%26langId%3d-1%26categoryId%3d1334028%26categoryType%3d%26top_category%3d%26parent_category_rn%3d%26sortBy%3d5%26searchSource%3dE%26pageView%3d%26beginIndex%3d1515,17.59,74248,None Available,https://www.finewineandgoodspirits.com/webapp/wcs/stores/servlet/ProductDetailInStore?ItemCode=000074248&catalogId=10051&storeId=10051&langId=-1&prodlistCatId=1334028&parent_category_rn=1334028&ProdName=Owen%20Roe%20Ex%20Umbris%20Syrah%20Yakima%20Valley%202014&fromURL=/webapp/wcs/stores/servlet/CatalogSearchResultView?storeId=10051%26catalogId=10051%26langId=-1%26categoryId=1334028%26categoryType=%26top_category=%26parent_category_rn=%26sortBy=5%26searchSource=E%26pageView=%26beginIndex=1515,,
1334,1334,Chehalem Three Vineyards Riesling Willamette Valley 2014,https://www.finewineandgoodspirits.com/webapp/wcs/stores/servlet/ProductDisplay?catalogId=10051&storeId=10051&productId=1969722&langId=-1&partNumber=000074254prod&errorViewName=ProductDisplayErrorView&categoryId=1334028&top_category=1334028&parent_category_rn=1334028&urlLangId=&categoryType=Wines&fromURL=%2fwebapp%2fwcs%2fstores%2fservlet%2fCatalogSearchResultView%3fstoreId%3d10051%26catalogId%3d10051%26langId%3d-1%26categoryId%3d1334028%26categoryType%3d%26top_category%3d%26parent_category_rn%3d%26sortBy%3d5%26searchSource%3dE%26pageView%3d%26beginIndex%3d1515,11.49,74254,None Available,https://www.finewineandgoodspirits.com/webapp/wcs/stores/servlet/ProductDetailInStore?ItemCode=000074254&catalogId=10051&storeId=10051&langId=-1&prodlistCatId=1334028&parent_category_rn=1334028&ProdName=Chehalem%20Three%20Vineyards%20Riesling%20Willamette%20Valley%202014&fromURL=/webapp/wcs/stores/servlet/CatalogSearchResultView?storeId=10051%26catalogId=10051%26langId=-1%26categoryId=1334028%26categoryType=%26top_category=%26parent_category_rn=%26sortBy=5%26searchSource=E%26pageView=%26beginIndex=1515,,
1335,1335,Chehalem Wind Ridge Block Gruner Veltliner Willamette Valley 2014,https://www.finewineandgoodspirits.com/webapp/wcs/stores/servlet/ProductDisplay?catalogId=10051&storeId=10051&productId=1969724&langId=-1&partNumber=000074256prod&errorViewName=ProductDisplayErrorView&categoryId=1334028&top_category=1334028&parent_category_rn=1334028&urlLangId=&categoryType=Wines&fromURL=%2fwebapp%2fwcs%2fstores%2fservlet%2fCatalogSearchResultView%3fstoreId%3d10051%26catalogId%3d10051%26langId%3d-1%26categoryId%3d1334028%26categoryType%3d%26top_category%3d%26parent_category_rn%3d%26sortBy%3d5%26searchSource%3dE%26pageView%3d%26beginIndex%3d1515,12.49,74256,None Available,https://www.finewineandgoodspirits.com/webapp/wcs/stores/servlet/ProductDetailInStore?ItemCode=000074256&catalogId=10051&storeId=10051&langId=-1&prodlistCatId=1334028&parent_category_rn=1334028&ProdName=Chehalem%20Wind%20Ridge%20Block%20Gruner%20Veltliner%20Willamette%20Valley%202014&fromURL=/webapp/wcs/stores/servlet/CatalogSearchResultView?storeId=10051%26catalogId=10051%26langId=-1%26categoryId=1334028%26categoryType=%26top_category=%26parent_category_rn=%26sortBy=5%26searchSource=E%26pageView=%26beginIndex=1515,,
1336,1336,Zaca Mesa Syrah Santa Ynez Valley Estate 2012,https://www.finewineandgoodspirits.com/webapp/wcs/stores/servlet/ProductDisplay?catalogId=10051&storeId=10051&productId=1969728&langId=-1&partNumber=000074259prod&errorViewName=ProductDisplayErrorView&categoryId=1334028&top_category=1334028&parent_category_rn=1334028&urlLangId=&categoryType=Wines&fromURL=%2fwebapp%2fwcs%2fstores%2fservlet%2fCatalogSearchResultView%3fstoreId%3d10051%26catalogId%3d10051%26langId%3d-1%26categoryId%3d1334028%26categoryType%3d%26top_category%3d%26parent_category_rn%3d%26sortBy%3d5%26searchSource%3dE%26pageView%3d%26beginIndex%3d1515,9.99,74259,None Available,https://www.finewineandgoodspirits.com/webapp/wcs/stores/servlet/ProductDetailInStore?ItemCode=000074259&catalogId=10051&storeId=10051&langId=-1&prodlistCatId=1334028&parent_category_rn=1334028&ProdName=Zaca%20Mesa%20Syrah%20Santa%20Ynez%20Valley%20Estate%202012&fromURL=/webapp/wcs/stores/servlet/CatalogSearchResultView?storeId=10051%26catalogId=10051%26langId=-1%26categoryId=1334028%26categoryType=%26top_category=%26parent_category_rn=%26sortBy=5%26searchSource=E%26pageView=%26beginIndex=1515,,
1337,1337,Vina Real Reserva Rioja 2011,https://www.finewineandgoodspirits.com/webapp/wcs/stores/servlet/ProductDisplay?catalogId=10051&storeId=10051&productId=1969824&langId=-1&partNumber=000078007prod&errorViewName=ProductDisplayErrorView&categoryId=1334044&top_category=1334043&parent_category_rn=1334043&urlLangId=&variety=Chairman%26amp%3b%23039%3bs+Programs&categoryType=Wines&fromURL=%2fwebapp%2fwcs%2fstores%2fservlet%2fCatalogSearchResultView%3fstoreId%3d10051%26catalogId%3d10051%26langId%3d-1%26categoryId%3d1334044%26variety%3dChairman%2526amp%253b%2523039%253bs%2bPrograms%26categoryType%3dWines%26top_category%3d%26parent_category_rn%3d%26sortBy%3d5%26searchSource%3dE%26pageView%3d%26beginIndex%3d0,10.79,78007,None Available,https://www.finewineandgoodspirits.com/webapp/wcs/stores/servlet/ProductDetailInStore?ItemCode=000078007&catalogId=10051&storeId=10051&langId=-1&prodlistCatId=1334044&parent_category_rn=1334043&ProdName=Vina%20Real%20Reserva%20Rioja%202011&fromURL=/webapp/wcs/stores/servlet/CatalogSearchResultView?storeId=10051%26catalogId=10051%26langId=-1%26categoryId=1334044%26variety=Chairman%26amp%3b%23039%3bs+Programs%26categoryType=Wines%26top_category=%26parent_category_rn=%26sortBy=5%26searchSource=E%26pageView=%26beginIndex=0,,
1338,1338,Twelftree White Hut Shiraz McLaren Vale 2011,https://www.finewineandgoodspirits.com/webapp/wcs/stores/servlet/ProductDisplay?catalogId=10051&storeId=10051&productId=1969968&langId=-1&partNumber=000078085prod&errorViewName=ProductDisplayErrorView&categoryId=1334028&top_category=1334028&parent_category_rn=1334028&urlLangId=&categoryType=Wines&fromURL=%2fwebapp%2fwcs%2fstores%2fservlet%2fCatalogSearchResultView%3fstoreId%3d10051%26catalogId%3d10051%26langId%3d-1%26categoryId%3d1334028%26categoryType%3d%26top_category%3d%26parent_category_rn%3d%26sortBy%3d5%26searchSource%3dE%26pageView%3d%26beginIndex%3d1530,19.99,78085,None Available,https://www.finewineandgoodspirits.com/webapp/wcs/stores/servlet/ProductDetailInStore?ItemCode=000078085&catalogId=10051&storeId=10051&langId=-1&prodlistCatId=1334028&parent_category_rn=1334028&ProdName=Twelftree%20White%20Hut%20Shiraz%20McLaren%20Vale%202011&fromURL=/webapp/wcs/stores/servlet/CatalogSearchResultView?storeId=10051%26catalogId=10051%26langId=-1%26categoryId=1334028%26categoryType=%26top_category=%26parent_category_rn=%26sortBy=5%26searchSource=E%26pageView=%26beginIndex=1530,,
1339,1339,Vin du Lac of Chelan Syrah Barrel Select 2010,https://www.finewineandgoodspirits.com/webapp/wcs/stores/servlet/ProductDisplay?catalogId=10051&storeId=10051&productId=1970270&langId=-1&partNumber=000078245prod&errorViewName=ProductDisplayErrorView&categoryId=1334028&top_category=1334028&parent_category_rn=1334028&urlLangId=&categoryType=Wines&fromURL=%2fwebapp%2fwcs%2fstores%2fservlet%2fCatalogSearchResultView%3fstoreId%3d10051%26catalogId%3d10051%26langId%3d-1%26categoryId%3d1334028%26categoryType%3d%26top_category%3d%26parent_category_rn%3d%26sortBy%3d5%26searchSource%3dE%26pageView%3d%26beginIndex%3d1530,8.99,78245,None Available,https://www.finewineandgoodspirits.com/webapp/wcs/stores/servlet/ProductDetailInStore?ItemCode=000078245&catalogId=10051&storeId=10051&langId=-1&prodlistCatId=1334028&parent_category_rn=1334028&ProdName=Vin%20du%20Lac%20of%20Chelan%20Syrah%20Barrel%20Select%202010&fromURL=/webapp/wcs/stores/servlet/CatalogSearchResultView?storeId=10051%26catalogId=10051%26langId=-1%26categoryId=1334028%26categoryType=%26top_category=%26parent_category_rn=%26sortBy=5%26searchSource=E%26pageView=%26beginIndex=1530,,
1340,1340,Welgemeend Estate Sauvignon Blanc 2015,https://www.finewineandgoodspirits.com/webapp/wcs/stores/servlet/ProductDisplay?catalogId=10051&storeId=10051&productId=1970398&langId=-1&partNumber=000078317prod&errorViewName=ProductDisplayErrorView&categoryId=1334028&top_category=1334028&parent_category_rn=1334028&urlLangId=&categoryType=Wines&fromURL=%2fwebapp%2fwcs%2fstores%2fservlet%2fCatalogSearchResultView%3fstoreId%3d10051%26catalogId%3d10051%26langId%3d-1%26categoryId%3d1334028%26categoryType%3d%26top_category%3d%26parent_category_rn%3d%26sortBy%3d5%26searchSource%3dE%26pageView%3d%26beginIndex%3d1530,6.49,78317,None Available,https://www.finewineandgoodspirits.com/webapp/wcs/stores/servlet/ProductDetailInStore?ItemCode=000078317&catalogId=10051&storeId=10051&langId=-1&prodlistCatId=1334028&parent_category_rn=1334028&ProdName=Welgemeend%20Estate%20Sauvignon%20Blanc%202015&fromURL=/webapp/wcs/stores/servlet/CatalogSearchResultView?storeId=10051%26catalogId=10051%26langId=-1%26categoryId=1334028%26categoryType=%26top_category=%26parent_category_rn=%26sortBy=5%26searchSource=E%26pageView=%26beginIndex=1530,,
1341,1341,Willow Bridge Estate Shiraz Dragonfly 2014,https://www.finewineandgoodspirits.com/webapp/wcs/stores/servlet/ProductDisplay?catalogId=10051&storeId=10051&productId=1970474&langId=-1&partNumber=000078358prod&errorViewName=ProductDisplayErrorView&categoryId=1334028&top_category=1334028&parent_category_rn=1334028&urlLangId=&categoryType=Wines&fromURL=%2fwebapp%2fwcs%2fstores%2fservlet%2fCatalogSearchResultView%3fstoreId%3d10051%26catalogId%3d10051%26langId%3d-1%26categoryId%3d1334028%26categoryType%3d%26top_category%3d%26parent_category_rn%3d%26sortBy%3d5%26searchSource%3dE%26pageView%3d%26beginIndex%3d1530,6.99,78358,None Available,https://www.finewineandgoodspirits.com/webapp/wcs/stores/servlet/ProductDetailInStore?ItemCode=000078358&catalogId=10051&storeId=10051&langId=-1&prodlistCatId=1334028&parent_category_rn=1334028&ProdName=Willow%20Bridge%20Estate%20Shiraz%20Dragonfly%202014&fromURL=/webapp/wcs/stores/servlet/CatalogSearchResultView?storeId=10051%26catalogId=10051%26langId=-1%26categoryId=1334028%26categoryType=%26top_category=%26parent_category_rn=%26sortBy=5%26searchSource=E%26pageView=%26beginIndex=1530,,
1342,1342,Maynard's Port Sampler Pack NV,https://www.finewineandgoodspirits.com/webapp/wcs/stores/servlet/ProductDisplay?catalogId=10051&storeId=10051&productId=1970488&langId=-1&partNumber=000078365prod&errorViewName=ProductDisplayErrorView&categoryId=1334028&top_category=1334028&parent_category_rn=1334028&urlLangId=&categoryType=Wines&fromURL=%2fwebapp%2fwcs%2fstores%2fservlet%2fCatalogSearchResultView%3fstoreId%3d10051%26catalogId%3d10051%26langId%3d-1%26categoryId%3d1334028%26categoryType%3d%26top_category%3d%26parent_category_rn%3d%26sortBy%3d5%26searchSource%3dE%26pageView%3d%26beginIndex%3d1530,19.99,78365,None Available,https://www.finewineandgoodspirits.com/webapp/wcs/stores/servlet/ProductDetailInStore?ItemCode=000078365&catalogId=10051&storeId=10051&langId=-1&prodlistCatId=1334028&parent_category_rn=1334028&ProdName=Maynard%27s%20Port%20Sampler%20Pack%20NV&fromURL=/webapp/wcs/stores/servlet/CatalogSearchResultView?storeId=10051%26catalogId=10051%26langId=-1%26categoryId=1334028%26categoryType=%26top_category=%26parent_category_rn=%26sortBy=5%26searchSource=E%26pageView=%26beginIndex=1530,,
1343,1343,HKG Estate North Bridge Chardonnay Russian River Valley 2012,https://www.finewineandgoodspirits.com/webapp/wcs/stores/servlet/ProductDisplay?catalogId=10051&storeId=10051&productId=1970502&langId=-1&partNumber=000078372prod&errorViewName=ProductDisplayErrorView&categoryId=1334028&top_category=1334028&parent_category_rn=1334028&urlLangId=&categoryType=Wines&fromURL=%2fwebapp%2fwcs%2fstores%2fservlet%2fCatalogSearchResultView%3fstoreId%3d10051%26catalogId%3d10051%26langId%3d-1%26categoryId%3d1334028%26categoryType%3d%26top_category%3d%26parent_category_rn%3d%26sortBy%3d5%26searchSource%3dE%26pageView%3d%26beginIndex%3d1530,9.99,78372,None Available,https://www.finewineandgoodspirits.com/webapp/wcs/stores/servlet/ProductDetailInStore?ItemCode=000078372&catalogId=10051&storeId=10051&langId=-1&prodlistCatId=1334028&parent_category_rn=1334028&ProdName=HKG%20Estate%20North%20Bridge%20Chardonnay%20Russian%20River%20Valley%202012&fromURL=/webapp/wcs/stores/servlet/CatalogSearchResultView?storeId=10051%26catalogId=10051%26langId=-1%26categoryId=1334028%26categoryType=%26top_category=%26parent_category_rn=%26sortBy=5%26searchSource=E%26pageView=%26beginIndex=1530,,
1344,1344,HKG Estate Twin Corners Pinot Noir Russian River Valley 2014,https://www.finewineandgoodspirits.com/webapp/wcs/stores/servlet/ProductDisplay?catalogId=10051&storeId=10051&productId=1970508&langId=-1&partNumber=000078375prod&errorViewName=ProductDisplayErrorView&categoryId=1334028&top_category=1334028&parent_category_rn=1334028&urlLangId=&categoryType=Wines&fromURL=%2fwebapp%2fwcs%2fstores%2fservlet%2fCatalogSearchResultView%3fstoreId%3d10051%26catalogId%3d10051%26langId%3d-1%26categoryId%3d1334028%26categoryType%3d%26top_category%3d%26parent_category_rn%3d%26sortBy%3d5%26searchSource%3dE%26pageView%3d%26beginIndex%3d1530,14.99,78375,None Available,https://www.finewineandgoodspirits.com/webapp/wcs/stores/servlet/ProductDetailInStore?ItemCode=000078375&catalogId=10051&storeId=10051&langId=-1&prodlistCatId=1334028&parent_category_rn=1334028&ProdName=HKG%20Estate%20Twin%20Corners%20Pinot%20Noir%20Russian%20River%20Valley%202014&fromURL=/webapp/wcs/stores/servlet/CatalogSearchResultView?storeId=10051%26catalogId=10051%26langId=-1%26categoryId=1334028%26categoryType=%26top_category=%26parent_category_rn=%26sortBy=5%26searchSource=E%26pageView=%26beginIndex=1530,,
1345,1345,Gorghi Tondi Coste a Preola Grillo Terre Siciliane 2015,https://www.finewineandgoodspirits.com/webapp/wcs/stores/servlet/ProductDisplay?catalogId=10051&storeId=10051&productId=1970546&langId=-1&partNumber=000078394prod&errorViewName=ProductDisplayErrorView&categoryId=1334045&top_category=1334043&parent_category_rn=1334044&urlLangId=&categoryType=Wines&fromURL=%2fwebapp%2fwcs%2fstores%2fservlet%2fCatalogSearchResultView%3fstoreId%3d10051%26catalogId%3d10051%26langId%3d-1%26categoryId%3d1334045%26categoryType%3d%26top_category%3d%26parent_category_rn%3d%26sortBy%3d5%26searchSource%3dE%26pageView%3d%26beginIndex%3d75,5.99,78394,None Available,https://www.finewineandgoodspirits.com/webapp/wcs/stores/servlet/ProductDetailInStore?ItemCode=000078394&catalogId=10051&storeId=10051&langId=-1&prodlistCatId=1334045&parent_category_rn=1334044&ProdName=Gorghi%20Tondi%20Coste%20a%20Preola%20Grillo%20Terre%20Siciliane%202015&fromURL=/webapp/wcs/stores/servlet/CatalogSearchResultView?storeId=10051%26catalogId=10051%26langId=-1%26categoryId=1334045%26categoryType=%26top_category=%26parent_category_rn=%26sortBy=5%26searchSource=E%26pageView=%26beginIndex=75,,
1346,1346,El Mudo Monastrell Alicante 2014,https://www.finewineandgoodspirits.com/webapp/wcs/stores/servlet/ProductDisplay?catalogId=10051&storeId=10051&productId=1970562&langId=-1&partNumber=000078403prod&errorViewName=ProductDisplayErrorView&categoryId=&top_category=&parent_category_rn=&urlLangId=&categoryType=Wines&fromURL=%2fwebapp%2fwcs%2fstores%2fservlet%2fCatalogSearchResultView%3fstoreId%3d10051%26catalogId%3d10051%26langId%3d-1%26sType%3dSimpleSearch%26resultCatEntryType%3d2%26showResultsPage%3dtrue%26pageSize%3d15%26sortBy%3d5%26searchSource%3dQ%26pageView%3d%26beginIndex%3d0%26searchTerm%3dmonastrell%26SearchKeyWord%3d,6.49,78403,None Available,https://www.finewineandgoodspirits.com/webapp/wcs/stores/servlet/ProductDetailInStore?ItemCode=000078403&catalogId=10051&storeId=10051&langId=-1&prodlistCatId=&parent_category_rn=&ProdName=El%20Mudo%20Monastrell%20Alicante%202014&fromURL=/webapp/wcs/stores/servlet/CatalogSearchResultView?storeId=10051%26catalogId=10051%26langId=-1%26sType=SimpleSearch%26resultCatEntryType=2%26showResultsPage=true%26pageSize=15%26sortBy=5%26searchSource=Q%26pageView=%26beginIndex=0%26searchTerm=monastrell%26SearchKeyWord=,,
1347,1347,Domaine La Hitaire Sauvignon Cotes de Gascogne 2015,https://www.finewineandgoodspirits.com/webapp/wcs/stores/servlet/ProductDisplay?catalogId=10051&storeId=10051&productId=1970582&langId=-1&partNumber=000078413prod&errorViewName=ProductDisplayErrorView&categoryId=&top_category=&parent_category_rn=&urlLangId=&categoryType=Wines&fromURL=%2fwebapp%2fwcs%2fstores%2fservlet%2fCatalogSearchResultView%3fstoreId%3d10051%26catalogId%3d10051%26langId%3d-1%26sType%3dSimpleSearch%26resultCatEntryType%3d2%26showResultsPage%3dtrue%26pageSize%3d15%26sortBy%3d5%26searchSource%3dQ%26pageView%3d%26beginIndex%3d0%26searchTerm%3dSauvignon%2bBlanc%26SearchKeyWord%3d,5.49,78413,None Available,https://www.finewineandgoodspirits.com/webapp/wcs/stores/servlet/ProductDetailInStore?ItemCode=000078413&catalogId=10051&storeId=10051&langId=-1&prodlistCatId=&parent_category_rn=&ProdName=Domaine%20La%20Hitaire%20Sauvignon%20Cotes%20de%20Gascogne%202015&fromURL=/webapp/wcs/stores/servlet/CatalogSearchResultView?storeId=10051%26catalogId=10051%26langId=-1%26sType=SimpleSearch%26resultCatEntryType=2%26showResultsPage=true%26pageSize=15%26sortBy=5%26searchSource=Q%26pageView=%26beginIndex=0%26searchTerm=Sauvignon+Blanc%26SearchKeyWord=,,
1348,1348,Francois Lurton El Albar Tempranillo Castilla y Leon 2014,https://www.finewineandgoodspirits.com/webapp/wcs/stores/servlet/ProductDisplay?catalogId=10051&storeId=10051&productId=1970588&langId=-1&partNumber=000078416prod&errorViewName=ProductDisplayErrorView&categoryId=1334044&top_category=1334043&parent_category_rn=1334043&urlLangId=&variety=Chairman%26amp%3b%23039%3bs+Programs&categoryType=Wines&fromURL=%2fwebapp%2fwcs%2fstores%2fservlet%2fCatalogSearchResultView%3fstoreId%3d10051%26catalogId%3d10051%26langId%3d-1%26categoryId%3d1334044%26variety%3dChairman%2526amp%253b%2523039%253bs%2bPrograms%26categoryType%3dWines%26top_category%3d%26parent_category_rn%3d%26sortBy%3d5%26searchSource%3dE%26pageView%3d%26beginIndex%3d0,5.99,78416,None Available,https://www.finewineandgoodspirits.com/webapp/wcs/stores/servlet/ProductDetailInStore?ItemCode=000078416&catalogId=10051&storeId=10051&langId=-1&prodlistCatId=1334044&parent_category_rn=1334043&ProdName=Francois%20Lurton%20El%20Albar%20Tempranillo%20Castilla%20y%20Leon%202014&fromURL=/webapp/wcs/stores/servlet/CatalogSearchResultView?storeId=10051%26catalogId=10051%26langId=-1%26categoryId=1334044%26variety=Chairman%26amp%3b%23039%3bs+Programs%26categoryType=Wines%26top_category=%26parent_category_rn=%26sortBy=5%26searchSource=E%26pageView=%26beginIndex=0,,
1349,1349,Quinta do Vallado Touriga Nacional Douro 2014,https://www.finewineandgoodspirits.com/webapp/wcs/stores/servlet/ProductDisplay?catalogId=10051&storeId=10051&productId=1970608&langId=-1&partNumber=000078426prod&errorViewName=ProductDisplayErrorView&categoryId=1334044&top_category=1334043&parent_category_rn=1334043&urlLangId=&variety=Chairman%26amp%3b%23039%3bs+Programs&categoryType=Wines&fromURL=%2fwebapp%2fwcs%2fstores%2fservlet%2fCatalogSearchResultView%3fstoreId%3d10051%26catalogId%3d10051%26langId%3d-1%26categoryId%3d1334044%26variety%3dChairman%2526amp%253b%2523039%253bs%2bPrograms%26categoryType%3dWines%26top_category%3d%26parent_category_rn%3d%26sortBy%3d5%26searchSource%3dE%26pageView%3d%26beginIndex%3d30,19.49,78426,None Available,https://www.finewineandgoodspirits.com/webapp/wcs/stores/servlet/ProductDetailInStore?ItemCode=000078426&catalogId=10051&storeId=10051&langId=-1&prodlistCatId=1334044&parent_category_rn=1334043&ProdName=Quinta%20do%20Vallado%20Touriga%20Nacional%20Douro%202014&fromURL=/webapp/wcs/stores/servlet/CatalogSearchResultView?storeId=10051%26catalogId=10051%26langId=-1%26categoryId=1334044%26variety=Chairman%26amp%3b%23039%3bs+Programs%26categoryType=Wines%26top_category=%26parent_category_rn=%26sortBy=5%26searchSource=E%26pageView=%26beginIndex=30,,
1350,1350,Claudie Peguet Chenas 2015,https://www.finewineandgoodspirits.com/webapp/wcs/stores/servlet/ProductDisplay?catalogId=10051&storeId=10051&productId=1970654&langId=-1&partNumber=000078450prod&errorViewName=ProductDisplayErrorView&categoryId=1334028&top_category=1334028&parent_category_rn=1334028&urlLangId=&categoryType=Wines&fromURL=%2fwebapp%2fwcs%2fstores%2fservlet%2fCatalogSearchResultView%3fstoreId%3d10051%26catalogId%3d10051%26langId%3d-1%26categoryId%3d1334028%26categoryType%3d%26top_category%3d%26parent_category_rn%3d%26sortBy%3d5%26searchSource%3dE%26pageView%3d%26beginIndex%3d1530,7.49,78450,None Available,https://www.finewineandgoodspirits.com/webapp/wcs/stores/servlet/ProductDetailInStore?ItemCode=000078450&catalogId=10051&storeId=10051&langId=-1&prodlistCatId=1334028&parent_category_rn=1334028&ProdName=Claudie%20Peguet%20Chenas%202015&fromURL=/webapp/wcs/stores/servlet/CatalogSearchResultView?storeId=10051%26catalogId=10051%26langId=-1%26categoryId=1334028%26categoryType=%26top_category=%26parent_category_rn=%26sortBy=5%26searchSource=E%26pageView=%26beginIndex=1530,,
1351,1351,Domaine du Chatellier Coteaux du Layon 2015,https://www.finewineandgoodspirits.com/webapp/wcs/stores/servlet/ProductDisplay?catalogId=10051&storeId=10051&productId=1970660&langId=-1&partNumber=000078454prod&errorViewName=ProductDisplayErrorView&categoryId=1334028&top_category=1334028&parent_category_rn=1334028&urlLangId=&categoryType=Wines&fromURL=%2fwebapp%2fwcs%2fstores%2fservlet%2fCatalogSearchResultView%3fstoreId%3d10051%26catalogId%3d10051%26langId%3d-1%26categoryId%3d1334028%26categoryType%3d%26top_category%3d%26parent_category_rn%3d%26sortBy%3d5%26searchSource%3dE%26pageView%3d%26beginIndex%3d1530,9.99,78454,None Available,https://www.finewineandgoodspirits.com/webapp/wcs/stores/servlet/ProductDetailInStore?ItemCode=000078454&catalogId=10051&storeId=10051&langId=-1&prodlistCatId=1334028&parent_category_rn=1334028&ProdName=Domaine%20du%20Chatellier%20Coteaux%20du%20Layon%202015&fromURL=/webapp/wcs/stores/servlet/CatalogSearchResultView?storeId=10051%26catalogId=10051%26langId=-1%26categoryId=1334028%26categoryType=%26top_category=%26parent_category_rn=%26sortBy=5%26searchSource=E%26pageView=%26beginIndex=1530,,
1352,1352,Firriato Jasmin Zibibbo Terre Siciliane 2015,https://www.finewineandgoodspirits.com/webapp/wcs/stores/servlet/ProductDisplay?catalogId=10051&storeId=10051&productId=1970666&langId=-1&partNumber=000078457prod&errorViewName=ProductDisplayErrorView&categoryId=1334044&top_category=1334043&parent_category_rn=1334043&urlLangId=&variety=Chairman%26amp%3b%23039%3bs+Programs&categoryType=Wines&fromURL=%2fwebapp%2fwcs%2fstores%2fservlet%2fCatalogSearchResultView%3fstoreId%3d10051%26catalogId%3d10051%26langId%3d-1%26categoryId%3d1334044%26variety%3dChairman%2526amp%253b%2523039%253bs%2bPrograms%26categoryType%3dWines%26top_category%3d%26parent_category_rn%3d%26sortBy%3d5%26searchSource%3dE%26pageView%3d%26beginIndex%3d0,5.99,78457,None Available,https://www.finewineandgoodspirits.com/webapp/wcs/stores/servlet/ProductDetailInStore?ItemCode=000078457&catalogId=10051&storeId=10051&langId=-1&prodlistCatId=1334044&parent_category_rn=1334043&ProdName=Firriato%20Jasmin%20Zibibbo%20Terre%20Siciliane%202015&fromURL=/webapp/wcs/stores/servlet/CatalogSearchResultView?storeId=10051%26catalogId=10051%26langId=-1%26categoryId=1334044%26variety=Chairman%26amp%3b%23039%3bs+Programs%26categoryType=Wines%26top_category=%26parent_category_rn=%26sortBy=5%26searchSource=E%26pageView=%26beginIndex=0,,
1353,1353,Signae Grechetto Umbria 2015,https://www.finewineandgoodspirits.com/webapp/wcs/stores/servlet/ProductDisplay?catalogId=10051&storeId=10051&productId=1970674&langId=-1&partNumber=000078461prod&errorViewName=ProductDisplayErrorView&categoryId=1334032&top_category=1334031&parent_category_rn=1334031&urlLangId=&variety=Online+Special+Wine&categoryType=Wines&fromURL=%2fwebapp%2fwcs%2fstores%2fservlet%2fCatalogSearchResultView%3fstoreId%3d10051%26catalogId%3d10051%26langId%3d-1%26categoryId%3d1334032%26variety%3dOnline%2bSpecial%2bWine%26categoryType%3d%26top_category%3d%26parent_category_rn%3d%26sortBy%3d5%26searchSource%3dE%26pageView%3d%26beginIndex%3d0,5.49,78461,None Available,https://www.finewineandgoodspirits.com/webapp/wcs/stores/servlet/ProductDetailInStore?ItemCode=000078461&catalogId=10051&storeId=10051&langId=-1&prodlistCatId=1334032&parent_category_rn=1334031&ProdName=Signae%20Grechetto%20Umbria%202015&fromURL=/webapp/wcs/stores/servlet/CatalogSearchResultView?storeId=10051%26catalogId=10051%26langId=-1%26categoryId=1334032%26variety=Online+Special+Wine%26categoryType=%26top_category=%26parent_category_rn=%26sortBy=5%26searchSource=E%26pageView=%26beginIndex=0,,
1354,1354,Fess Parker White Blend Santa Barbara 2013,https://www.finewineandgoodspirits.com/webapp/wcs/stores/servlet/ProductDisplay?catalogId=10051&storeId=10051&productId=1970684&langId=-1&partNumber=000078466prod&errorViewName=ProductDisplayErrorView&categoryId=1334028&top_category=1334028&parent_category_rn=1334028&urlLangId=&categoryType=Wines&fromURL=%2fwebapp%2fwcs%2fstores%2fservlet%2fCatalogSearchResultView%3fstoreId%3d10051%26catalogId%3d10051%26langId%3d-1%26categoryId%3d1334028%26categoryType%3d%26top_category%3d%26parent_category_rn%3d%26sortBy%3d5%26searchSource%3dE%26pageView%3d%26beginIndex%3d1545,7.49,78466,None Available,https://www.finewineandgoodspirits.com/webapp/wcs/stores/servlet/ProductDetailInStore?ItemCode=000078466&catalogId=10051&storeId=10051&langId=-1&prodlistCatId=1334028&parent_category_rn=1334028&ProdName=Fess%20Parker%20White%20Blend%20Santa%20Barbara%202013&fromURL=/webapp/wcs/stores/servlet/CatalogSearchResultView?storeId=10051%26catalogId=10051%26langId=-1%26categoryId=1334028%26categoryType=%26top_category=%26parent_category_rn=%26sortBy=5%26searchSource=E%26pageView=%26beginIndex=1545,,
1355,1355,Bernard et Christophe Richel Apremont Vielles Vignes 2015,https://www.finewineandgoodspirits.com/webapp/wcs/stores/servlet/ProductDisplay?catalogId=10051&storeId=10051&productId=1970776&langId=-1&partNumber=000078512prod&errorViewName=ProductDisplayErrorView&categoryId=1334028&top_category=1334028&parent_category_rn=1334028&urlLangId=&categoryType=Wines&fromURL=%2fwebapp%2fwcs%2fstores%2fservlet%2fCatalogSearchResultView%3fstoreId%3d10051%26catalogId%3d10051%26langId%3d-1%26categoryId%3d1334028%26categoryType%3d%26top_category%3d%26parent_category_rn%3d%26sortBy%3d5%26searchSource%3dE%26pageView%3d%26beginIndex%3d1545,5.49,78512,None Available,https://www.finewineandgoodspirits.com/webapp/wcs/stores/servlet/ProductDetailInStore?ItemCode=000078512&catalogId=10051&storeId=10051&langId=-1&prodlistCatId=1334028&parent_category_rn=1334028&ProdName=Bernard%20et%20Christophe%20Richel%20Apremont%20Vielles%20Vignes%202015&fromURL=/webapp/wcs/stores/servlet/CatalogSearchResultView?storeId=10051%26catalogId=10051%26langId=-1%26categoryId=1334028%26categoryType=%26top_category=%26parent_category_rn=%26sortBy=5%26searchSource=E%26pageView=%26beginIndex=1545,,
1356,1356,The Coorong Chardonnay 2016,https://www.finewineandgoodspirits.com/webapp/wcs/stores/servlet/ProductDisplay?catalogId=10051&storeId=10051&productId=1970878&langId=-1&partNumber=000078568prod&errorViewName=ProductDisplayErrorView&categoryId=1334028&top_category=1334028&parent_category_rn=1334028&urlLangId=&categoryType=Wines&fromURL=%2fwebapp%2fwcs%2fstores%2fservlet%2fCatalogSearchResultView%3fstoreId%3d10051%26catalogId%3d10051%26langId%3d-1%26categoryId%3d1334028%26categoryType%3d%26top_category%3d%26parent_category_rn%3d%26sortBy%3d5%26searchSource%3dE%26pageView%3d%26beginIndex%3d0,4.99,78568,None Available,https://www.finewineandgoodspirits.com/webapp/wcs/stores/servlet/ProductDetailInStore?ItemCode=000078568&catalogId=10051&storeId=10051&langId=-1&prodlistCatId=1334028&parent_category_rn=1334028&ProdName=The%20Coorong%20Chardonnay%202016&fromURL=/webapp/wcs/stores/servlet/CatalogSearchResultView?storeId=10051%26catalogId=10051%26langId=-1%26categoryId=1334028%26categoryType=%26top_category=%26parent_category_rn=%26sortBy=5%26searchSource=E%26pageView=%26beginIndex=0,,
1357,1357,Pinot Society Pinot Noir Willamette Valley 2015,https://www.finewineandgoodspirits.com/webapp/wcs/stores/servlet/ProductDisplay?catalogId=10051&storeId=10051&productId=1970912&langId=-1&partNumber=000078586prod&errorViewName=ProductDisplayErrorView&categoryId=1334028&top_category=1334028&parent_category_rn=1334028&urlLangId=&categoryType=Wines&fromURL=%2fwebapp%2fwcs%2fstores%2fservlet%2fCatalogSearchResultView%3fstoreId%3d10051%26catalogId%3d10051%26langId%3d-1%26categoryId%3d1334028%26categoryType%3d%26top_category%3d%26parent_category_rn%3d%26sortBy%3d5%26searchSource%3dE%26pageView%3d%26beginIndex%3d1545,8.39,78586,None Available,https://www.finewineandgoodspirits.com/webapp/wcs/stores/servlet/ProductDetailInStore?ItemCode=000078586&catalogId=10051&storeId=10051&langId=-1&prodlistCatId=1334028&parent_category_rn=1334028&ProdName=Pinot%20Society%20Pinot%20Noir%20Willamette%20Valley%202015&fromURL=/webapp/wcs/stores/servlet/CatalogSearchResultView?storeId=10051%26catalogId=10051%26langId=-1%26categoryId=1334028%26categoryType=%26top_category=%26parent_category_rn=%26sortBy=5%26searchSource=E%26pageView=%26beginIndex=1545,,
1358,1358,Oscar Truschel Riesling Reserve Particuliere Alsace 2015,https://www.finewineandgoodspirits.com/webapp/wcs/stores/servlet/ProductDisplay?catalogId=10051&storeId=10051&productId=1970996&langId=-1&partNumber=000078632prod&errorViewName=ProductDisplayErrorView&categoryId=1334028&top_category=1334028&parent_category_rn=1334028&urlLangId=&categoryType=Wines&fromURL=%2fwebapp%2fwcs%2fstores%2fservlet%2fCatalogSearchResultView%3fstoreId%3d10051%26catalogId%3d10051%26langId%3d-1%26categoryId%3d1334028%26categoryType%3d%26top_category%3d%26parent_category_rn%3d%26sortBy%3d5%26searchSource%3dE%26pageView%3d%26beginIndex%3d1545,6.99,78632,None Available,https://www.finewineandgoodspirits.com/webapp/wcs/stores/servlet/ProductDetailInStore?ItemCode=000078632&catalogId=10051&storeId=10051&langId=-1&prodlistCatId=1334028&parent_category_rn=1334028&ProdName=Oscar%20Truschel%20Riesling%20Reserve%20Particuliere%20Alsace%202015&fromURL=/webapp/wcs/stores/servlet/CatalogSearchResultView?storeId=10051%26catalogId=10051%26langId=-1%26categoryId=1334028%26categoryType=%26top_category=%26parent_category_rn=%26sortBy=5%26searchSource=E%26pageView=%26beginIndex=1545,,
1359,1359,Clos Lachance Chardonnay Central Coast Reserve 2016,https://www.finewineandgoodspirits.com/webapp/wcs/stores/servlet/ProductDisplay?catalogId=10051&storeId=10051&productId=1971078&langId=-1&partNumber=000078673prod&errorViewName=ProductDisplayErrorView&categoryId=1334028&top_category=1334028&parent_category_rn=1334028&urlLangId=&categoryType=Wines&fromURL=%2fwebapp%2fwcs%2fstores%2fservlet%2fCatalogSearchResultView%3fstoreId%3d10051%26catalogId%3d10051%26langId%3d-1%26categoryId%3d1334028%26categoryType%3d%26top_category%3d%26parent_category_rn%3d%26sortBy%3d5%26searchSource%3dE%26pageView%3d%26beginIndex%3d15,6.99,78673,None Available,https://www.finewineandgoodspirits.com/webapp/wcs/stores/servlet/ProductDetailInStore?ItemCode=000078673&catalogId=10051&storeId=10051&langId=-1&prodlistCatId=1334028&parent_category_rn=1334028&ProdName=Clos%20Lachance%20Chardonnay%20Central%20Coast%20Reserve%202016&fromURL=/webapp/wcs/stores/servlet/CatalogSearchResultView?storeId=10051%26catalogId=10051%26langId=-1%26categoryId=1334028%26categoryType=%26top_category=%26parent_category_rn=%26sortBy=5%26searchSource=E%26pageView=%26beginIndex=15,,
1360,1360,Olivier Lebrin Chateau de L'Aujardiere Muscadet Sur Lie Loire Valley 2016,https://www.finewineandgoodspirits.com/webapp/wcs/stores/servlet/ProductDisplay?catalogId=10051&storeId=10051&productId=1971108&langId=-1&partNumber=000078690prod&errorViewName=ProductDisplayErrorView&categoryId=1334028&top_category=1334028&parent_category_rn=1334028&urlLangId=&categoryType=Wines&fromURL=%2fwebapp%2fwcs%2fstores%2fservlet%2fCatalogSearchResultView%3fstoreId%3d10051%26catalogId%3d10051%26langId%3d-1%26categoryId%3d1334028%26categoryType%3d%26top_category%3d%26parent_category_rn%3d%26sortBy%3d5%26searchSource%3dE%26pageView%3d%26beginIndex%3d1545,6.49,78690,None Available,https://www.finewineandgoodspirits.com/webapp/wcs/stores/servlet/ProductDetailInStore?ItemCode=000078690&catalogId=10051&storeId=10051&langId=-1&prodlistCatId=1334028&parent_category_rn=1334028&ProdName=Olivier%20Lebrin%20Chateau%20de%20L%27Aujardiere%20Muscadet%20Sur%20Lie%20Loire%20Valley%202016&fromURL=/webapp/wcs/stores/servlet/CatalogSearchResultView?storeId=10051%26catalogId=10051%26langId=-1%26categoryId=1334028%26categoryType=%26top_category=%26parent_category_rn=%26sortBy=5%26searchSource=E%26pageView=%26beginIndex=1545,,
1361,1361,Tenute Di Giulio Osco Pinot Grigio IGT Molise 2016,https://www.finewineandgoodspirits.com/webapp/wcs/stores/servlet/ProductDisplay?catalogId=10051&storeId=10051&productId=1971124&langId=-1&partNumber=000078698prod&errorViewName=ProductDisplayErrorView&categoryId=1334028&top_category=1334028&parent_category_rn=1334028&urlLangId=&categoryType=Wines&fromURL=%2fwebapp%2fwcs%2fstores%2fservlet%2fCatalogSearchResultView%3fstoreId%3d10051%26catalogId%3d10051%26langId%3d-1%26categoryId%3d1334028%26categoryType%3d%26top_category%3d%26parent_category_rn%3d%26sortBy%3d5%26searchSource%3dE%26pageView%3d%26beginIndex%3d15,5.49,78698,None Available,https://www.finewineandgoodspirits.com/webapp/wcs/stores/servlet/ProductDetailInStore?ItemCode=000078698&catalogId=10051&storeId=10051&langId=-1&prodlistCatId=1334028&parent_category_rn=1334028&ProdName=Tenute%20Di%20Giulio%20Osco%20Pinot%20Grigio%20IGT%20Molise%202016&fromURL=/webapp/wcs/stores/servlet/CatalogSearchResultView?storeId=10051%26catalogId=10051%26langId=-1%26categoryId=1334028%26categoryType=%26top_category=%26parent_category_rn=%26sortBy=5%26searchSource=E%26pageView=%26beginIndex=15,,
1362,1362,Jean Cavaille Apremont Cep Noir Vielles Vignes Savoie 2016,https://www.finewineandgoodspirits.com/webapp/wcs/stores/servlet/ProductDisplay?catalogId=10051&storeId=10051&productId=1971132&langId=-1&partNumber=000078702prod&errorViewName=ProductDisplayErrorView&categoryId=1334028&top_category=1334028&parent_category_rn=1334028&urlLangId=&categoryType=Wines&fromURL=%2fwebapp%2fwcs%2fstores%2fservlet%2fCatalogSearchResultView%3fstoreId%3d10051%26catalogId%3d10051%26langId%3d-1%26categoryId%3d1334028%26categoryType%3d%26top_category%3d%26parent_category_rn%3d%26sortBy%3d5%26searchSource%3dE%26pageView%3d%26beginIndex%3d1545,8.99,78702,None Available,https://www.finewineandgoodspirits.com/webapp/wcs/stores/servlet/ProductDetailInStore?ItemCode=000078702&catalogId=10051&storeId=10051&langId=-1&prodlistCatId=1334028&parent_category_rn=1334028&ProdName=Jean%20Cavaille%20Apremont%20Cep%20Noir%20Vielles%20Vignes%20Savoie%202016&fromURL=/webapp/wcs/stores/servlet/CatalogSearchResultView?storeId=10051%26catalogId=10051%26langId=-1%26categoryId=1334028%26categoryType=%26top_category=%26parent_category_rn=%26sortBy=5%26searchSource=E%26pageView=%26beginIndex=1545,,
1363,1363,Domaine La Grange V Viognier Pays d'Oc Languedoc Rousillon 2016,https://www.finewineandgoodspirits.com/webapp/wcs/stores/servlet/ProductDisplay?catalogId=10051&storeId=10051&productId=1971136&langId=-1&partNumber=000078704prod&errorViewName=ProductDisplayErrorView&categoryId=1334028&top_category=1334028&parent_category_rn=1334028&urlLangId=&categoryType=Wines&fromURL=%2fwebapp%2fwcs%2fstores%2fservlet%2fCatalogSearchResultView%3fstoreId%3d10051%26catalogId%3d10051%26langId%3d-1%26categoryId%3d1334028%26categoryType%3d%26top_category%3d%26parent_category_rn%3d%26sortBy%3d5%26searchSource%3dE%26pageView%3d%26beginIndex%3d0,7.49,78704,None Available,https://www.finewineandgoodspirits.com/webapp/wcs/stores/servlet/ProductDetailInStore?ItemCode=000078704&catalogId=10051&storeId=10051&langId=-1&prodlistCatId=1334028&parent_category_rn=1334028&ProdName=Domaine%20La%20Grange%20V%20Viognier%20Pays%20d%27Oc%20Languedoc%20Rousillon%202016&fromURL=/webapp/wcs/stores/servlet/CatalogSearchResultView?storeId=10051%26catalogId=10051%26langId=-1%26categoryId=1334028%26categoryType=%26top_category=%26parent_category_rn=%26sortBy=5%26searchSource=E%26pageView=%26beginIndex=0,,
1364,1364,Belle Epine Syrah Merlot 2016,https://www.finewineandgoodspirits.com/webapp/wcs/stores/servlet/ProductDisplay?catalogId=10051&storeId=10051&productId=1971138&langId=-1&partNumber=000078705prod&errorViewName=ProductDisplayErrorView&categoryId=1334029&top_category=1334028&parent_category_rn=1334028&urlLangId=&categoryType=Wines&fromURL=%2fwebapp%2fwcs%2fstores%2fservlet%2fCatalogSearchResultView%3fstoreId%3d10051%26catalogId%3d10051%26langId%3d-1%26categoryId%3d1334029%26categoryType%3d%26top_category%3d%26parent_category_rn%3d%26sortBy%3d5%26searchSource%3dE%26pageView%3d%26beginIndex%3d30,4.49,78705,None Available,https://www.finewineandgoodspirits.com/webapp/wcs/stores/servlet/ProductDetailInStore?ItemCode=000078705&catalogId=10051&storeId=10051&langId=-1&prodlistCatId=1334029&parent_category_rn=1334028&ProdName=Belle%20Epine%20Syrah%20Merlot%202016&fromURL=/webapp/wcs/stores/servlet/CatalogSearchResultView?storeId=10051%26catalogId=10051%26langId=-1%26categoryId=1334029%26categoryType=%26top_category=%26parent_category_rn=%26sortBy=5%26searchSource=E%26pageView=%26beginIndex=30,,
1365,1365,BG Wine Co Cabernet Sauvignon North Coast 2015,https://www.finewineandgoodspirits.com/webapp/wcs/stores/servlet/ProductDisplay?catalogId=10051&storeId=10051&productId=1971154&langId=-1&partNumber=000078713prod&errorViewName=ProductDisplayErrorView&categoryId=1334028&top_category=1334028&parent_category_rn=1334028&urlLangId=&categoryType=Wines&fromURL=%2fwebapp%2fwcs%2fstores%2fservlet%2fCatalogSearchResultView%3fstoreId%3d10051%26catalogId%3d10051%26langId%3d-1%26categoryId%3d1334028%26categoryType%3d%26top_category%3d%26parent_category_rn%3d%26sortBy%3d5%26searchSource%3dE%26pageView%3d%26beginIndex%3d1545,5.99,78713,None Available,https://www.finewineandgoodspirits.com/webapp/wcs/stores/servlet/ProductDetailInStore?ItemCode=000078713&catalogId=10051&storeId=10051&langId=-1&prodlistCatId=1334028&parent_category_rn=1334028&ProdName=BG%20Wine%20Co%20Cabernet%20Sauvignon%20North%20Coast%202015&fromURL=/webapp/wcs/stores/servlet/CatalogSearchResultView?storeId=10051%26catalogId=10051%26langId=-1%26categoryId=1334028%26categoryType=%26top_category=%26parent_category_rn=%26sortBy=5%26searchSource=E%26pageView=%26beginIndex=1545,,
1366,1366,Subarashii Kudamono Asian Pear Pennsylvania Dry NV,https://www.finewineandgoodspirits.com/webapp/wcs/stores/servlet/ProductDisplay?catalogId=10051&storeId=10051&productId=1971332&langId=-1&partNumber=000080103prod&errorViewName=ProductDisplayErrorView&categoryId=1334028&top_category=1334028&parent_category_rn=1334028&urlLangId=&categoryType=Wines&fromURL=%2fwebapp%2fwcs%2fstores%2fservlet%2fCatalogSearchResultView%3fstoreId%3d10051%26catalogId%3d10051%26langId%3d-1%26categoryId%3d1334028%26categoryType%3d%26top_category%3d%26parent_category_rn%3d%26sortBy%3d5%26searchSource%3dE%26pageView%3d%26beginIndex%3d1560,14.39,80103,None Available,https://www.finewineandgoodspirits.com/webapp/wcs/stores/servlet/ProductDetailInStore?ItemCode=000080103&catalogId=10051&storeId=10051&langId=-1&prodlistCatId=1334028&parent_category_rn=1334028&ProdName=Subarashii%20Kudamono%20Asian%20Pear%20Pennsylvania%20Dry%20NV&fromURL=/webapp/wcs/stores/servlet/CatalogSearchResultView?storeId=10051%26catalogId=10051%26langId=-1%26categoryId=1334028%26categoryType=%26top_category=%26parent_category_rn=%26sortBy=5%26searchSource=E%26pageView=%26beginIndex=1560,15,9
1367,1367,Tomasello Ranier Red New Jersey NV,https://www.finewineandgoodspirits.com/webapp/wcs/stores/servlet/ProductDisplay?catalogId=10051&storeId=10051&productId=1971444&langId=-1&partNumber=000080173prod&errorViewName=ProductDisplayErrorView&categoryId=1334028&top_category=1334028&parent_category_rn=1334028&urlLangId=&categoryType=Wines&fromURL=%2fwebapp%2fwcs%2fstores%2fservlet%2fCatalogSearchResultView%3fstoreId%3d10051%26catalogId%3d10051%26langId%3d-1%26categoryId%3d1334028%26categoryType%3d%26top_category%3d%26parent_category_rn%3d%26sortBy%3d5%26searchSource%3dE%26pageView%3d%26beginIndex%3d1560,7.99,80173,None Available,https://www.finewineandgoodspirits.com/webapp/wcs/stores/servlet/ProductDetailInStore?ItemCode=000080173&catalogId=10051&storeId=10051&langId=-1&prodlistCatId=1334028&parent_category_rn=1334028&ProdName=Tomasello%20Ranier%20Red%20New%20Jersey%20NV&fromURL=/webapp/wcs/stores/servlet/CatalogSearchResultView?storeId=10051%26catalogId=10051%26langId=-1%26categoryId=1334028%26categoryType=%26top_category=%26parent_category_rn=%26sortBy=5%26searchSource=E%26pageView=%26beginIndex=1560,,
1368,1368,Asconi Old Tavern Isabella Moldova NV,https://www.finewineandgoodspirits.com/webapp/wcs/stores/servlet/ProductDisplay?catalogId=10051&storeId=10051&productId=1971458&langId=-1&partNumber=000080182prod&errorViewName=ProductDisplayErrorView&categoryId=1334028&top_category=1334028&parent_category_rn=1334028&urlLangId=&categoryType=Wines&fromURL=%2fwebapp%2fwcs%2fstores%2fservlet%2fCatalogSearchResultView%3fstoreId%3d10051%26catalogId%3d10051%26langId%3d-1%26categoryId%3d1334028%26categoryType%3d%26top_category%3d%26parent_category_rn%3d%26sortBy%3d5%26searchSource%3dE%26pageView%3d%26beginIndex%3d1560,11.19,80182,None Available,https://www.finewineandgoodspirits.com/webapp/wcs/stores/servlet/ProductDetailInStore?ItemCode=000080182&catalogId=10051&storeId=10051&langId=-1&prodlistCatId=1334028&parent_category_rn=1334028&ProdName=Asconi%20Old%20Tavern%20Isabella%20Moldova%20NV&fromURL=/webapp/wcs/stores/servlet/CatalogSearchResultView?storeId=10051%26catalogId=10051%26langId=-1%26categoryId=1334028%26categoryType=%26top_category=%26parent_category_rn=%26sortBy=5%26searchSource=E%26pageView=%26beginIndex=1560,,
1369,1369,Maui Splash Pineapple Ulupalakua Maui Hawaii Sweet NV,https://www.finewineandgoodspirits.com/webapp/wcs/stores/servlet/ProductDisplay?catalogId=10051&storeId=10051&productId=1971468&langId=-1&partNumber=000080191prod&errorViewName=ProductDisplayErrorView&categoryId=1334028&top_category=1334028&parent_category_rn=1334028&urlLangId=&categoryType=Wines&fromURL=%2fwebapp%2fwcs%2fstores%2fservlet%2fCatalogSearchResultView%3fstoreId%3d10051%26catalogId%3d10051%26langId%3d-1%26categoryId%3d1334028%26categoryType%3d%26top_category%3d%26parent_category_rn%3d%26sortBy%3d5%26searchSource%3dE%26pageView%3d%26beginIndex%3d1560,11.99,80191,None Available,https://www.finewineandgoodspirits.com/webapp/wcs/stores/servlet/ProductDetailInStore?ItemCode=000080191&catalogId=10051&storeId=10051&langId=-1&prodlistCatId=1334028&parent_category_rn=1334028&ProdName=Maui%20Splash%20Pineapple%20Ulupalakua%20Maui%20Hawaii%20Sweet%20NV&fromURL=/webapp/wcs/stores/servlet/CatalogSearchResultView?storeId=10051%26catalogId=10051%26langId=-1%26categoryId=1334028%26categoryType=%26top_category=%26parent_category_rn=%26sortBy=5%26searchSource=E%26pageView=%26beginIndex=1560,,
1370,1370,Maui Blanc Pineapple Ulupalakus Maui Hawaii Semi Dry NV,https://www.finewineandgoodspirits.com/webapp/wcs/stores/servlet/ProductDisplay?catalogId=10051&storeId=10051&productId=1971470&langId=-1&partNumber=000080192prod&errorViewName=ProductDisplayErrorView&categoryId=1334028&top_category=1334028&parent_category_rn=1334028&urlLangId=&categoryType=Wines&fromURL=%2fwebapp%2fwcs%2fstores%2fservlet%2fCatalogSearchResultView%3fstoreId%3d10051%26catalogId%3d10051%26langId%3d-1%26categoryId%3d1334028%26categoryType%3d%26top_category%3d%26parent_category_rn%3d%26sortBy%3d5%26searchSource%3dE%26pageView%3d%26beginIndex%3d1560,11.99,80192,None Available,https://www.finewineandgoodspirits.com/webapp/wcs/stores/servlet/ProductDetailInStore?ItemCode=000080192&catalogId=10051&storeId=10051&langId=-1&prodlistCatId=1334028&parent_category_rn=1334028&ProdName=Maui%20Blanc%20Pineapple%20Ulupalakus%20Maui%20Hawaii%20Semi%20Dry%20NV&fromURL=/webapp/wcs/stores/servlet/CatalogSearchResultView?storeId=10051%26catalogId=10051%26langId=-1%26categoryId=1334028%26categoryType=%26top_category=%26parent_category_rn=%26sortBy=5%26searchSource=E%26pageView=%26beginIndex=1560,,
1371,1371,Alba Raspberry Wine New Jersey NV,https://www.finewineandgoodspirits.com/webapp/wcs/stores/servlet/ProductDisplay?catalogId=10051&storeId=10051&productId=1971476&langId=-1&partNumber=000080195prod&errorViewName=ProductDisplayErrorView&categoryId=1334028&top_category=1334028&parent_category_rn=1334028&urlLangId=&categoryType=Wines&fromURL=%2fwebapp%2fwcs%2fstores%2fservlet%2fCatalogSearchResultView%3fstoreId%3d10051%26catalogId%3d10051%26langId%3d-1%26categoryId%3d1334028%26categoryType%3d%26top_category%3d%26parent_category_rn%3d%26sortBy%3d5%26searchSource%3dE%26pageView%3d%26beginIndex%3d1560,9.99,80195,None Available,https://www.finewineandgoodspirits.com/webapp/wcs/stores/servlet/ProductDetailInStore?ItemCode=000080195&catalogId=10051&storeId=10051&langId=-1&prodlistCatId=1334028&parent_category_rn=1334028&ProdName=Alba%20Raspberry%20Wine%20New%20Jersey%20NV&fromURL=/webapp/wcs/stores/servlet/CatalogSearchResultView?storeId=10051%26catalogId=10051%26langId=-1%26categoryId=1334028%26categoryType=%26top_category=%26parent_category_rn=%26sortBy=5%26searchSource=E%26pageView=%26beginIndex=1560,,
1372,1372,Zimla Sparkling Red Sweet Tsimlyansk 2012,https://www.finewineandgoodspirits.com/webapp/wcs/stores/servlet/ProductDisplay?catalogId=10051&storeId=10051&productId=1971492&langId=-1&partNumber=000080253prod&errorViewName=ProductDisplayErrorView&categoryId=1334028&top_category=1334028&parent_category_rn=1334028&urlLangId=&categoryType=Wines&fromURL=%2fwebapp%2fwcs%2fstores%2fservlet%2fCatalogSearchResultView%3fstoreId%3d10051%26catalogId%3d10051%26langId%3d-1%26categoryId%3d1334028%26categoryType%3d%26top_category%3d%26parent_category_rn%3d%26sortBy%3d5%26searchSource%3dE%26pageView%3d%26beginIndex%3d1560,9.49,80253,None Available,https://www.finewineandgoodspirits.com/webapp/wcs/stores/servlet/ProductDetailInStore?ItemCode=000080253&catalogId=10051&storeId=10051&langId=-1&prodlistCatId=1334028&parent_category_rn=1334028&ProdName=Zimla%20Sparkling%20Red%20Sweet%20Tsimlyansk%202012&fromURL=/webapp/wcs/stores/servlet/CatalogSearchResultView?storeId=10051%26catalogId=10051%26langId=-1%26categoryId=1334028%26categoryType=%26top_category=%26parent_category_rn=%26sortBy=5%26searchSource=E%26pageView=%26beginIndex=1560,,
1373,1373,Domaine Mittnacht Freres Gyotaku White Alsace 2014,https://www.finewineandgoodspirits.com/webapp/wcs/stores/servlet/ProductDisplay?catalogId=10051&storeId=10051&productId=1971572&langId=-1&partNumber=000099024prod&errorViewName=ProductDisplayErrorView&categoryId=1334028&top_category=1334028&parent_category_rn=1334028&urlLangId=&categoryType=Wines&fromURL=%2fwebapp%2fwcs%2fstores%2fservlet%2fCatalogSearchResultView%3fstoreId%3d10051%26catalogId%3d10051%26langId%3d-1%26categoryId%3d1334028%26categoryType%3d%26top_category%3d%26parent_category_rn%3d%26sortBy%3d5%26searchSource%3dE%26pageView%3d%26beginIndex%3d1560,12.24,99024,None Available,https://www.finewineandgoodspirits.com/webapp/wcs/stores/servlet/ProductDetailInStore?ItemCode=000099024&catalogId=10051&storeId=10051&langId=-1&prodlistCatId=1334028&parent_category_rn=1334028&ProdName=Domaine%20Mittnacht%20Freres%20Gyotaku%20White%20Alsace%202014&fromURL=/webapp/wcs/stores/servlet/CatalogSearchResultView?storeId=10051%26catalogId=10051%26langId=-1%26categoryId=1334028%26categoryType=%26top_category=%26parent_category_rn=%26sortBy=5%26searchSource=E%26pageView=%26beginIndex=1560,,
1374,1374,Chateau Petit Thouars Chenin Blanc 2014,https://www.finewineandgoodspirits.com/webapp/wcs/stores/servlet/ProductDisplay?catalogId=10051&storeId=10051&productId=1971592&langId=-1&partNumber=000099034prod&errorViewName=ProductDisplayErrorView&categoryId=1334028&top_category=1334028&parent_category_rn=1334028&urlLangId=&categoryType=Wines&fromURL=%2fwebapp%2fwcs%2fstores%2fservlet%2fCatalogSearchResultView%3fstoreId%3d10051%26catalogId%3d10051%26langId%3d-1%26categoryId%3d1334028%26categoryType%3d%26top_category%3d%26parent_category_rn%3d%26sortBy%3d5%26searchSource%3dE%26pageView%3d%26beginIndex%3d1560,8.99,99034,None Available,https://www.finewineandgoodspirits.com/webapp/wcs/stores/servlet/ProductDetailInStore?ItemCode=000099034&catalogId=10051&storeId=10051&langId=-1&prodlistCatId=1334028&parent_category_rn=1334028&ProdName=Chateau%20Petit%20Thouars%20Chenin%20Blanc%202014&fromURL=/webapp/wcs/stores/servlet/CatalogSearchResultView?storeId=10051%26catalogId=10051%26langId=-1%26categoryId=1334028%26categoryType=%26top_category=%26parent_category_rn=%26sortBy=5%26searchSource=E%26pageView=%26beginIndex=1560,,
1375,1375,Domaine de la Berangeraie Rose Cahors 2015,https://www.finewineandgoodspirits.com/webapp/wcs/stores/servlet/ProductDisplay?catalogId=10051&storeId=10051&productId=1971602&langId=-1&partNumber=000099040prod&errorViewName=ProductDisplayErrorView&categoryId=1334028&top_category=1334028&parent_category_rn=1334028&urlLangId=&categoryType=Wines&fromURL=%2fwebapp%2fwcs%2fstores%2fservlet%2fCatalogSearchResultView%3fstoreId%3d10051%26catalogId%3d10051%26langId%3d-1%26categoryId%3d1334028%26categoryType%3d%26top_category%3d%26parent_category_rn%3d%26sortBy%3d5%26searchSource%3dE%26pageView%3d%26beginIndex%3d1560,6.49,99040,None Available,https://www.finewineandgoodspirits.com/webapp/wcs/stores/servlet/ProductDetailInStore?ItemCode=000099040&catalogId=10051&storeId=10051&langId=-1&prodlistCatId=1334028&parent_category_rn=1334028&ProdName=Domaine%20de%20la%20Berangeraie%20Rose%20Cahors%202015&fromURL=/webapp/wcs/stores/servlet/CatalogSearchResultView?storeId=10051%26catalogId=10051%26langId=-1%26categoryId=1334028%26categoryType=%26top_category=%26parent_category_rn=%26sortBy=5%26searchSource=E%26pageView=%26beginIndex=1560,,
1376,1376,Chateau de Mirande Macon Villages 2014,https://www.finewineandgoodspirits.com/webapp/wcs/stores/servlet/ProductDisplay?catalogId=10051&storeId=10051&productId=1971610&langId=-1&partNumber=000099044prod&errorViewName=ProductDisplayErrorView&categoryId=1334028&top_category=1334028&parent_category_rn=1334028&urlLangId=&categoryType=Wines&fromURL=%2fwebapp%2fwcs%2fstores%2fservlet%2fCatalogSearchResultView%3fstoreId%3d10051%26catalogId%3d10051%26langId%3d-1%26categoryId%3d1334028%26categoryType%3d%26top_category%3d%26parent_category_rn%3d%26sortBy%3d5%26searchSource%3dE%26pageView%3d%26beginIndex%3d1560,15.99,99044,None Available,https://www.finewineandgoodspirits.com/webapp/wcs/stores/servlet/ProductDetailInStore?ItemCode=000099044&catalogId=10051&storeId=10051&langId=-1&prodlistCatId=1334028&parent_category_rn=1334028&ProdName=Chateau%20de%20Mirande%20Macon%20Villages%202014&fromURL=/webapp/wcs/stores/servlet/CatalogSearchResultView?storeId=10051%26catalogId=10051%26langId=-1%26categoryId=1334028%26categoryType=%26top_category=%26parent_category_rn=%26sortBy=5%26searchSource=E%26pageView=%26beginIndex=1560,,
1377,1377,Pierre Usseglio et Fils Panorama 2014,https://www.finewineandgoodspirits.com/webapp/wcs/stores/servlet/ProductDisplay?catalogId=10051&storeId=10051&productId=1971658&langId=-1&partNumber=000099069prod&errorViewName=ProductDisplayErrorView&categoryId=&top_category=&parent_category_rn=&urlLangId=&categoryType=Wines&fromURL=%2fwebapp%2fwcs%2fstores%2fservlet%2fCatalogSearchResultView%3fstoreId%3d10051%26catalogId%3d10051%26langId%3d-1%26sType%3dSimpleSearch%26resultCatEntryType%3d2%26showResultsPage%3dtrue%26pageSize%3d15%26sortBy%3d5%26searchSource%3dQ%26pageView%3d%26beginIndex%3d0%26searchTerm%3drhone%26SearchKeyWord%3d,11.59,99069,None Available,https://www.finewineandgoodspirits.com/webapp/wcs/stores/servlet/ProductDetailInStore?ItemCode=000099069&catalogId=10051&storeId=10051&langId=-1&prodlistCatId=&parent_category_rn=&ProdName=Pierre%20Usseglio%20et%20Fils%20Panorama%202014&fromURL=/webapp/wcs/stores/servlet/CatalogSearchResultView?storeId=10051%26catalogId=10051%26langId=-1%26sType=SimpleSearch%26resultCatEntryType=2%26showResultsPage=true%26pageSize=15%26sortBy=5%26searchSource=Q%26pageView=%26beginIndex=0%26searchTerm=rhone%26SearchKeyWord=,,
1378,1378,Kermit Lynch Cotes Du Rhone Cypress Cuvee 2013,https://www.finewineandgoodspirits.com/webapp/wcs/stores/servlet/ProductDisplay?catalogId=10051&storeId=10051&productId=1971660&langId=-1&partNumber=000099070prod&errorViewName=ProductDisplayErrorView&categoryId=&top_category=&parent_category_rn=&urlLangId=&categoryType=Wines&fromURL=%2fwebapp%2fwcs%2fstores%2fservlet%2fCatalogSearchResultView%3fstoreId%3d10051%26catalogId%3d10051%26langId%3d-1%26sType%3dSimpleSearch%26resultCatEntryType%3d2%26showResultsPage%3dtrue%26pageSize%3d15%26sortBy%3d5%26searchSource%3dQ%26pageView%3d%26beginIndex%3d0%26searchTerm%3drhone%26SearchKeyWord%3d,12.79,99070,None Available,https://www.finewineandgoodspirits.com/webapp/wcs/stores/servlet/ProductDetailInStore?ItemCode=000099070&catalogId=10051&storeId=10051&langId=-1&prodlistCatId=&parent_category_rn=&ProdName=Kermit%20Lynch%20Cotes%20Du%20Rhone%20Cypress%20Cuvee%202013&fromURL=/webapp/wcs/stores/servlet/CatalogSearchResultView?storeId=10051%26catalogId=10051%26langId=-1%26sType=SimpleSearch%26resultCatEntryType=2%26showResultsPage=true%26pageSize=15%26sortBy=5%26searchSource=Q%26pageView=%26beginIndex=0%26searchTerm=rhone%26SearchKeyWord=,,
1379,1379,Garnier et Fils Chablis 2014,https://www.finewineandgoodspirits.com/webapp/wcs/stores/servlet/ProductDisplay?catalogId=10051&storeId=10051&productId=1971714&langId=-1&partNumber=000099097prod&errorViewName=ProductDisplayErrorView&categoryId=1334028&top_category=1334028&parent_category_rn=1334028&urlLangId=&categoryType=Wines&fromURL=%2fwebapp%2fwcs%2fstores%2fservlet%2fCatalogSearchResultView%3fstoreId%3d10051%26catalogId%3d10051%26langId%3d-1%26categoryId%3d1334028%26categoryType%3d%26top_category%3d%26parent_category_rn%3d%26sortBy%3d5%26searchSource%3dE%26pageView%3d%26beginIndex%3d1575,23.99,99097,None Available,https://www.finewineandgoodspirits.com/webapp/wcs/stores/servlet/ProductDetailInStore?ItemCode=000099097&catalogId=10051&storeId=10051&langId=-1&prodlistCatId=1334028&parent_category_rn=1334028&ProdName=Garnier%20et%20Fils%20Chablis%202014&fromURL=/webapp/wcs/stores/servlet/CatalogSearchResultView?storeId=10051%26catalogId=10051%26langId=-1%26categoryId=1334028%26categoryType=%26top_category=%26parent_category_rn=%26sortBy=5%26searchSource=E%26pageView=%26beginIndex=1575,,
1380,1380,Jean Perrier Et Fils Vin De Savoie Abymes Cuvee Gastronomie 2015,https://www.finewineandgoodspirits.com/webapp/wcs/stores/servlet/ProductDisplay?catalogId=10051&storeId=10051&productId=1971718&langId=-1&partNumber=000099099prod&errorViewName=ProductDisplayErrorView&categoryId=1334028&top_category=1334028&parent_category_rn=1334028&urlLangId=&categoryType=Wines&fromURL=%2fwebapp%2fwcs%2fstores%2fservlet%2fCatalogSearchResultView%3fstoreId%3d10051%26catalogId%3d10051%26langId%3d-1%26categoryId%3d1334028%26categoryType%3d%26top_category%3d%26parent_category_rn%3d%26sortBy%3d5%26searchSource%3dE%26pageView%3d%26beginIndex%3d1575,6.49,99099,None Available,https://www.finewineandgoodspirits.com/webapp/wcs/stores/servlet/ProductDetailInStore?ItemCode=000099099&catalogId=10051&storeId=10051&langId=-1&prodlistCatId=1334028&parent_category_rn=1334028&ProdName=Jean%20Perrier%20Et%20Fils%20Vin%20De%20Savoie%20Abymes%20Cuvee%20Gastronomie%202015&fromURL=/webapp/wcs/stores/servlet/CatalogSearchResultView?storeId=10051%26catalogId=10051%26langId=-1%26categoryId=1334028%26categoryType=%26top_category=%26parent_category_rn=%26sortBy=5%26searchSource=E%26pageView=%26beginIndex=1575,,
1381,1381,Cuvee Mythique Halloween Cuvee 2015,https://www.finewineandgoodspirits.com/webapp/wcs/stores/servlet/ProductDisplay?catalogId=10051&storeId=10051&productId=1971746&langId=-1&partNumber=000099114prod&errorViewName=ProductDisplayErrorView&categoryId=1334028&top_category=1334028&parent_category_rn=1334028&urlLangId=&categoryType=Wines&fromURL=%2fwebapp%2fwcs%2fstores%2fservlet%2fCatalogSearchResultView%3fstoreId%3d10051%26catalogId%3d10051%26langId%3d-1%26categoryId%3d1334028%26categoryType%3d%26top_category%3d%26parent_category_rn%3d%26sortBy%3d5%26searchSource%3dE%26pageView%3d%26beginIndex%3d1575,10.39,99114,None Available,https://www.finewineandgoodspirits.com/webapp/wcs/stores/servlet/ProductDetailInStore?ItemCode=000099114&catalogId=10051&storeId=10051&langId=-1&prodlistCatId=1334028&parent_category_rn=1334028&ProdName=Cuvee%20Mythique%20Halloween%20Cuvee%202015&fromURL=/webapp/wcs/stores/servlet/CatalogSearchResultView?storeId=10051%26catalogId=10051%26langId=-1%26categoryId=1334028%26categoryType=%26top_category=%26parent_category_rn=%26sortBy=5%26searchSource=E%26pageView=%26beginIndex=1575,,
1382,1382,Eric Texier Petillant Naturel Rouletabulle Dry 2015,https://www.finewineandgoodspirits.com/webapp/wcs/stores/servlet/ProductDisplay?catalogId=10051&storeId=10051&productId=1971780&langId=-1&partNumber=000099131prod&errorViewName=ProductDisplayErrorView&categoryId=1334028&top_category=1334028&parent_category_rn=1334028&urlLangId=&categoryType=Wines&fromURL=%2fwebapp%2fwcs%2fstores%2fservlet%2fCatalogSearchResultView%3fstoreId%3d10051%26catalogId%3d10051%26langId%3d-1%26categoryId%3d1334028%26categoryType%3d%26top_category%3d%26parent_category_rn%3d%26sortBy%3d5%26searchSource%3dE%26pageView%3d%26beginIndex%3d1575,19.99,99131,None Available,https://www.finewineandgoodspirits.com/webapp/wcs/stores/servlet/ProductDetailInStore?ItemCode=000099131&catalogId=10051&storeId=10051&langId=-1&prodlistCatId=1334028&parent_category_rn=1334028&ProdName=Eric%20Texier%20Petillant%20Naturel%20Rouletabulle%20Dry%202015&fromURL=/webapp/wcs/stores/servlet/CatalogSearchResultView?storeId=10051%26catalogId=10051%26langId=-1%26categoryId=1334028%26categoryType=%26top_category=%26parent_category_rn=%26sortBy=5%26searchSource=E%26pageView=%26beginIndex=1575,,
1383,1383,Clotilde Davenne Sauvignon de St Bris 2014,https://www.finewineandgoodspirits.com/webapp/wcs/stores/servlet/ProductDisplay?catalogId=10051&storeId=10051&productId=1971802&langId=-1&partNumber=000099142prod&errorViewName=ProductDisplayErrorView&categoryId=1334028&top_category=1334028&parent_category_rn=1334028&urlLangId=&categoryType=Wines&fromURL=%2fwebapp%2fwcs%2fstores%2fservlet%2fCatalogSearchResultView%3fstoreId%3d10051%26catalogId%3d10051%26langId%3d-1%26categoryId%3d1334028%26categoryType%3d%26top_category%3d%26parent_category_rn%3d%26sortBy%3d5%26searchSource%3dE%26pageView%3d%26beginIndex%3d1575,9.49,99142,None Available,https://www.finewineandgoodspirits.com/webapp/wcs/stores/servlet/ProductDetailInStore?ItemCode=000099142&catalogId=10051&storeId=10051&langId=-1&prodlistCatId=1334028&parent_category_rn=1334028&ProdName=Clotilde%20Davenne%20Sauvignon%20de%20St%20Bris%202014&fromURL=/webapp/wcs/stores/servlet/CatalogSearchResultView?storeId=10051%26catalogId=10051%26langId=-1%26categoryId=1334028%26categoryType=%26top_category=%26parent_category_rn=%26sortBy=5%26searchSource=E%26pageView=%26beginIndex=1575,,
1384,1384,Les Maisons Brulees Petillant Naturel Maison Bullees 2014,https://www.finewineandgoodspirits.com/webapp/wcs/stores/servlet/ProductDisplay?catalogId=10051&storeId=10051&productId=1971810&langId=-1&partNumber=000099146prod&errorViewName=ProductDisplayErrorView&categoryId=1334028&top_category=1334028&parent_category_rn=1334028&urlLangId=&categoryType=Wines&fromURL=%2fwebapp%2fwcs%2fstores%2fservlet%2fCatalogSearchResultView%3fstoreId%3d10051%26catalogId%3d10051%26langId%3d-1%26categoryId%3d1334028%26categoryType%3d%26top_category%3d%26parent_category_rn%3d%26sortBy%3d5%26searchSource%3dE%26pageView%3d%26beginIndex%3d1575,19.99,99146,None Available,https://www.finewineandgoodspirits.com/webapp/wcs/stores/servlet/ProductDetailInStore?ItemCode=000099146&catalogId=10051&storeId=10051&langId=-1&prodlistCatId=1334028&parent_category_rn=1334028&ProdName=Les%20Maisons%20Brulees%20Petillant%20Naturel%20Maison%20Bullees%202014&fromURL=/webapp/wcs/stores/servlet/CatalogSearchResultView?storeId=10051%26catalogId=10051%26langId=-1%26categoryId=1334028%26categoryType=%26top_category=%26parent_category_rn=%26sortBy=5%26searchSource=E%26pageView=%26beginIndex=1575,,
1385,1385,Domaine de Pellehaut Cotes de Gascogne Rouge 2015,https://www.finewineandgoodspirits.com/webapp/wcs/stores/servlet/ProductDisplay?catalogId=10051&storeId=10051&productId=1971820&langId=-1&partNumber=000099151prod&errorViewName=ProductDisplayErrorView&categoryId=1334028&top_category=1334028&parent_category_rn=1334028&urlLangId=&categoryType=Wines&fromURL=%2fwebapp%2fwcs%2fstores%2fservlet%2fCatalogSearchResultView%3fstoreId%3d10051%26catalogId%3d10051%26langId%3d-1%26categoryId%3d1334028%26categoryType%3d%26top_category%3d%26parent_category_rn%3d%26sortBy%3d5%26searchSource%3dE%26pageView%3d%26beginIndex%3d1575,6.79,99151,None Available,https://www.finewineandgoodspirits.com/webapp/wcs/stores/servlet/ProductDetailInStore?ItemCode=000099151&catalogId=10051&storeId=10051&langId=-1&prodlistCatId=1334028&parent_category_rn=1334028&ProdName=Domaine%20de%20Pellehaut%20Cotes%20de%20Gascogne%20Rouge%202015&fromURL=/webapp/wcs/stores/servlet/CatalogSearchResultView?storeId=10051%26catalogId=10051%26langId=-1%26categoryId=1334028%26categoryType=%26top_category=%26parent_category_rn=%26sortBy=5%26searchSource=E%26pageView=%26beginIndex=1575,,
1386,1386,Ronan by Clinet Bordeaux Rouge 2012,https://www.finewineandgoodspirits.com/webapp/wcs/stores/servlet/ProductDisplay?catalogId=10051&storeId=10051&productId=1971846&langId=-1&partNumber=000099164prod&errorViewName=ProductDisplayErrorView&categoryId=1334028&top_category=1334028&parent_category_rn=1334028&urlLangId=&categoryType=Wines&fromURL=%2fwebapp%2fwcs%2fstores%2fservlet%2fCatalogSearchResultView%3fstoreId%3d10051%26catalogId%3d10051%26langId%3d-1%26categoryId%3d1334028%26categoryType%3d%26top_category%3d%26parent_category_rn%3d%26sortBy%3d5%26searchSource%3dE%26pageView%3d%26beginIndex%3d1575,9.99,99164,None Available,https://www.finewineandgoodspirits.com/webapp/wcs/stores/servlet/ProductDetailInStore?ItemCode=000099164&catalogId=10051&storeId=10051&langId=-1&prodlistCatId=1334028&parent_category_rn=1334028&ProdName=Ronan%20by%20Clinet%20Bordeaux%20Rouge%202012&fromURL=/webapp/wcs/stores/servlet/CatalogSearchResultView?storeId=10051%26catalogId=10051%26langId=-1%26categoryId=1334028%26categoryType=%26top_category=%26parent_category_rn=%26sortBy=5%26searchSource=E%26pageView=%26beginIndex=1575,,
1387,1387,E et F Jourdan Cinsault Vielles Vignes 2014,https://www.finewineandgoodspirits.com/webapp/wcs/stores/servlet/ProductDisplay?catalogId=10051&storeId=10051&productId=1971850&langId=-1&partNumber=000099167prod&errorViewName=ProductDisplayErrorView&categoryId=1334028&top_category=1334028&parent_category_rn=1334028&urlLangId=&categoryType=Wines&fromURL=%2fwebapp%2fwcs%2fstores%2fservlet%2fCatalogSearchResultView%3fstoreId%3d10051%26catalogId%3d10051%26langId%3d-1%26categoryId%3d1334028%26categoryType%3d%26top_category%3d%26parent_category_rn%3d%26sortBy%3d5%26searchSource%3dE%26pageView%3d%26beginIndex%3d1575,9.19,99167,None Available,https://www.finewineandgoodspirits.com/webapp/wcs/stores/servlet/ProductDetailInStore?ItemCode=000099167&catalogId=10051&storeId=10051&langId=-1&prodlistCatId=1334028&parent_category_rn=1334028&ProdName=E%20et%20F%20Jourdan%20Cinsault%20Vielles%20Vignes%202014&fromURL=/webapp/wcs/stores/servlet/CatalogSearchResultView?storeId=10051%26catalogId=10051%26langId=-1%26categoryId=1334028%26categoryType=%26top_category=%26parent_category_rn=%26sortBy=5%26searchSource=E%26pageView=%26beginIndex=1575,,
1388,1388,Domaine de l'A Cote de Castillon 2012,https://www.finewineandgoodspirits.com/webapp/wcs/stores/servlet/ProductDisplay?catalogId=10051&storeId=10051&productId=1971852&langId=-1&partNumber=000099169prod&errorViewName=ProductDisplayErrorView&categoryId=1333939&top_category=25588&parent_category_rn=1333936&urlLangId=&variety=Bordeaux+Blend&categoryType=Wines&fromURL=%2fwebapp%2fwcs%2fstores%2fservlet%2fCatalogSearchResultView%3fstoreId%3d10051%26catalogId%3d10051%26langId%3d-1%26categoryId%3d1333939%26variety%3dBordeaux%2bBlend%26categoryType%3dWines%26top_category%3d%26parent_category_rn%3d%26sortBy%3d5%26searchSource%3dE%26pageView%3d%26beginIndex%3d0,19.99,99169,None Available,https://www.finewineandgoodspirits.com/webapp/wcs/stores/servlet/ProductDetailInStore?ItemCode=000099169&catalogId=10051&storeId=10051&langId=-1&prodlistCatId=1333939&parent_category_rn=1333936&ProdName=Domaine%20de%20l%27A%20Cote%20de%20Castillon%202012&fromURL=/webapp/wcs/stores/servlet/CatalogSearchResultView?storeId=10051%26catalogId=10051%26langId=-1%26categoryId=1333939%26variety=Bordeaux+Blend%26categoryType=Wines%26top_category=%26parent_category_rn=%26sortBy=5%26searchSource=E%26pageView=%26beginIndex=0,,
1389,1389,Cochon Volant AOC Corbieres 2015,https://www.finewineandgoodspirits.com/webapp/wcs/stores/servlet/ProductDisplay?catalogId=10051&storeId=10051&productId=1971854&langId=-1&partNumber=000099170prod&errorViewName=ProductDisplayErrorView&categoryId=1334028&top_category=1334028&parent_category_rn=1334028&urlLangId=&categoryType=Wines&fromURL=%2fwebapp%2fwcs%2fstores%2fservlet%2fCatalogSearchResultView%3fstoreId%3d10051%26catalogId%3d10051%26langId%3d-1%26categoryId%3d1334028%26categoryType%3d%26top_category%3d%26parent_category_rn%3d%26sortBy%3d5%26searchSource%3dE%26pageView%3d%26beginIndex%3d1575,8.79,99170,None Available,https://www.finewineandgoodspirits.com/webapp/wcs/stores/servlet/ProductDetailInStore?ItemCode=000099170&catalogId=10051&storeId=10051&langId=-1&prodlistCatId=1334028&parent_category_rn=1334028&ProdName=Cochon%20Volant%20AOC%20Corbieres%202015&fromURL=/webapp/wcs/stores/servlet/CatalogSearchResultView?storeId=10051%26catalogId=10051%26langId=-1%26categoryId=1334028%26categoryType=%26top_category=%26parent_category_rn=%26sortBy=5%26searchSource=E%26pageView=%26beginIndex=1575,,
1390,1390,Penya Rouge 2015,https://www.finewineandgoodspirits.com/webapp/wcs/stores/servlet/ProductDisplay?catalogId=10051&storeId=10051&productId=1971886&langId=-1&partNumber=000099187prod&errorViewName=ProductDisplayErrorView&categoryId=1334028&top_category=1334028&parent_category_rn=1334028&urlLangId=&categoryType=Wines&fromURL=%2fwebapp%2fwcs%2fstores%2fservlet%2fCatalogSearchResultView%3fstoreId%3d10051%26catalogId%3d10051%26langId%3d-1%26categoryId%3d1334028%26categoryType%3d%26top_category%3d%26parent_category_rn%3d%26sortBy%3d5%26searchSource%3dE%26pageView%3d%26beginIndex%3d1575,7.99,99187,None Available,https://www.finewineandgoodspirits.com/webapp/wcs/stores/servlet/ProductDetailInStore?ItemCode=000099187&catalogId=10051&storeId=10051&langId=-1&prodlistCatId=1334028&parent_category_rn=1334028&ProdName=Penya%20Rouge%202015&fromURL=/webapp/wcs/stores/servlet/CatalogSearchResultView?storeId=10051%26catalogId=10051%26langId=-1%26categoryId=1334028%26categoryType=%26top_category=%26parent_category_rn=%26sortBy=5%26searchSource=E%26pageView=%26beginIndex=1575,,
1391,1391,Cave de Tain Marsanne 2015,https://www.finewineandgoodspirits.com/webapp/wcs/stores/servlet/ProductDisplay?catalogId=10051&storeId=10051&productId=1971890&langId=-1&partNumber=000099190prod&errorViewName=ProductDisplayErrorView&categoryId=1334028&top_category=1334028&parent_category_rn=1334028&urlLangId=&categoryType=Wines&fromURL=%2fwebapp%2fwcs%2fstores%2fservlet%2fCatalogSearchResultView%3fstoreId%3d10051%26catalogId%3d10051%26langId%3d-1%26categoryId%3d1334028%26categoryType%3d%26top_category%3d%26parent_category_rn%3d%26sortBy%3d5%26searchSource%3dE%26pageView%3d%26beginIndex%3d1590,5.99,99190,None Available,https://www.finewineandgoodspirits.com/webapp/wcs/stores/servlet/ProductDetailInStore?ItemCode=000099190&catalogId=10051&storeId=10051&langId=-1&prodlistCatId=1334028&parent_category_rn=1334028&ProdName=Cave%20de%20Tain%20Marsanne%202015&fromURL=/webapp/wcs/stores/servlet/CatalogSearchResultView?storeId=10051%26catalogId=10051%26langId=-1%26categoryId=1334028%26categoryType=%26top_category=%26parent_category_rn=%26sortBy=5%26searchSource=E%26pageView=%26beginIndex=1590,,
1392,1392,Hannes Reeh Chardonnay Rohstoff 2015,https://www.finewineandgoodspirits.com/webapp/wcs/stores/servlet/ProductDisplay?catalogId=10051&storeId=10051&productId=1971910&langId=-1&partNumber=000099201prod&errorViewName=ProductDisplayErrorView&categoryId=1334028&top_category=1334028&parent_category_rn=1334028&urlLangId=&categoryType=Wines&fromURL=%2fwebapp%2fwcs%2fstores%2fservlet%2fCatalogSearchResultView%3fstoreId%3d10051%26catalogId%3d10051%26langId%3d-1%26categoryId%3d1334028%26categoryType%3d%26top_category%3d%26parent_category_rn%3d%26sortBy%3d5%26searchSource%3dE%26pageView%3d%26beginIndex%3d1590,9.99,99201,None Available,https://www.finewineandgoodspirits.com/webapp/wcs/stores/servlet/ProductDetailInStore?ItemCode=000099201&catalogId=10051&storeId=10051&langId=-1&prodlistCatId=1334028&parent_category_rn=1334028&ProdName=Hannes%20Reeh%20Chardonnay%20Rohstoff%202015&fromURL=/webapp/wcs/stores/servlet/CatalogSearchResultView?storeId=10051%26catalogId=10051%26langId=-1%26categoryId=1334028%26categoryType=%26top_category=%26parent_category_rn=%26sortBy=5%26searchSource=E%26pageView=%26beginIndex=1590,,
1393,1393,Villa Des Anges Cabernet Sauvignon 2015,https://www.finewineandgoodspirits.com/webapp/wcs/stores/servlet/ProductDisplay?catalogId=10051&storeId=10051&productId=1971914&langId=-1&partNumber=000099203prod&errorViewName=ProductDisplayErrorView&categoryId=1334028&top_category=1334028&parent_category_rn=1334028&urlLangId=&categoryType=Wines&fromURL=%2fwebapp%2fwcs%2fstores%2fservlet%2fCatalogSearchResultView%3fstoreId%3d10051%26catalogId%3d10051%26langId%3d-1%26categoryId%3d1334028%26categoryType%3d%26top_category%3d%26parent_category_rn%3d%26sortBy%3d5%26searchSource%3dE%26pageView%3d%26beginIndex%3d1590,7.99,99203,None Available,https://www.finewineandgoodspirits.com/webapp/wcs/stores/servlet/ProductDetailInStore?ItemCode=000099203&catalogId=10051&storeId=10051&langId=-1&prodlistCatId=1334028&parent_category_rn=1334028&ProdName=Villa%20Des%20Anges%20Cabernet%20Sauvignon%202015&fromURL=/webapp/wcs/stores/servlet/CatalogSearchResultView?storeId=10051%26catalogId=10051%26langId=-1%26categoryId=1334028%26categoryType=%26top_category=%26parent_category_rn=%26sortBy=5%26searchSource=E%26pageView=%26beginIndex=1590,,
1394,1394,Boutari Nemea 2015,https://www.finewineandgoodspirits.com/webapp/wcs/stores/servlet/ProductDisplay?catalogId=10051&storeId=10051&productId=1971926&langId=-1&partNumber=000099209prod&errorViewName=ProductDisplayErrorView&categoryId=1334028&top_category=1334028&parent_category_rn=1334028&urlLangId=&categoryType=Wines&fromURL=%2fwebapp%2fwcs%2fstores%2fservlet%2fCatalogSearchResultView%3fstoreId%3d10051%26catalogId%3d10051%26langId%3d-1%26categoryId%3d1334028%26categoryType%3d%26top_category%3d%26parent_category_rn%3d%26sortBy%3d5%26searchSource%3dE%26pageView%3d%26beginIndex%3d1590,14.39,99209,None Available,https://www.finewineandgoodspirits.com/webapp/wcs/stores/servlet/ProductDetailInStore?ItemCode=000099209&catalogId=10051&storeId=10051&langId=-1&prodlistCatId=1334028&parent_category_rn=1334028&ProdName=Boutari%20Nemea%202015&fromURL=/webapp/wcs/stores/servlet/CatalogSearchResultView?storeId=10051%26catalogId=10051%26langId=-1%26categoryId=1334028%26categoryType=%26top_category=%26parent_category_rn=%26sortBy=5%26searchSource=E%26pageView=%26beginIndex=1590,,
1395,1395,M Chapoutier Banyuls 2014,https://www.finewineandgoodspirits.com/webapp/wcs/stores/servlet/ProductDisplay?catalogId=10051&storeId=10051&productId=1971928&langId=-1&partNumber=000099210prod&errorViewName=ProductDisplayErrorView&categoryId=1334028&top_category=1334028&parent_category_rn=1334028&urlLangId=&categoryType=Wines&fromURL=%2fwebapp%2fwcs%2fstores%2fservlet%2fCatalogSearchResultView%3fstoreId%3d10051%26catalogId%3d10051%26langId%3d-1%26categoryId%3d1334028%26categoryType%3d%26top_category%3d%26parent_category_rn%3d%26sortBy%3d5%26searchSource%3dE%26pageView%3d%26beginIndex%3d1590,23.19,99210,None Available,https://www.finewineandgoodspirits.com/webapp/wcs/stores/servlet/ProductDetailInStore?ItemCode=000099210&catalogId=10051&storeId=10051&langId=-1&prodlistCatId=1334028&parent_category_rn=1334028&ProdName=M%20Chapoutier%20Banyuls%202014&fromURL=/webapp/wcs/stores/servlet/CatalogSearchResultView?storeId=10051%26catalogId=10051%26langId=-1%26categoryId=1334028%26categoryType=%26top_category=%26parent_category_rn=%26sortBy=5%26searchSource=E%26pageView=%26beginIndex=1590,,
1396,1396,Domaine Schlumberger Les Prince Abbes Pinot Blanc 2014,https://www.finewineandgoodspirits.com/webapp/wcs/stores/servlet/ProductDisplay?catalogId=10051&storeId=10051&productId=1971932&langId=-1&partNumber=000099212prod&errorViewName=ProductDisplayErrorView&categoryId=1334028&top_category=1334028&parent_category_rn=1334028&urlLangId=&categoryType=Wines&fromURL=%2fwebapp%2fwcs%2fstores%2fservlet%2fCatalogSearchResultView%3fstoreId%3d10051%26catalogId%3d10051%26langId%3d-1%26categoryId%3d1334028%26categoryType%3d%26top_category%3d%26parent_category_rn%3d%26sortBy%3d5%26searchSource%3dE%26pageView%3d%26beginIndex%3d1590,7.99,99212,None Available,https://www.finewineandgoodspirits.com/webapp/wcs/stores/servlet/ProductDetailInStore?ItemCode=000099212&catalogId=10051&storeId=10051&langId=-1&prodlistCatId=1334028&parent_category_rn=1334028&ProdName=Domaine%20Schlumberger%20Les%20Prince%20Abbes%20Pinot%20Blanc%202014&fromURL=/webapp/wcs/stores/servlet/CatalogSearchResultView?storeId=10051%26catalogId=10051%26langId=-1%26categoryId=1334028%26categoryType=%26top_category=%26parent_category_rn=%26sortBy=5%26searchSource=E%26pageView=%26beginIndex=1590,,
1397,1397,Domaine de Martinolles Methode Ancestrale NV,https://www.finewineandgoodspirits.com/webapp/wcs/stores/servlet/ProductDisplay?catalogId=10051&storeId=10051&productId=1972002&langId=-1&partNumber=000099250prod&errorViewName=ProductDisplayErrorView&categoryId=1334028&top_category=1334028&parent_category_rn=1334028&urlLangId=&categoryType=Wines&fromURL=%2fwebapp%2fwcs%2fstores%2fservlet%2fCatalogSearchResultView%3fstoreId%3d10051%26catalogId%3d10051%26langId%3d-1%26categoryId%3d1334028%26categoryType%3d%26top_category%3d%26parent_category_rn%3d%26sortBy%3d5%26searchSource%3dE%26pageView%3d%26beginIndex%3d1590,13.59,99250,None Available,https://www.finewineandgoodspirits.com/webapp/wcs/stores/servlet/ProductDetailInStore?ItemCode=000099250&catalogId=10051&storeId=10051&langId=-1&prodlistCatId=1334028&parent_category_rn=1334028&ProdName=Domaine%20de%20Martinolles%20Methode%20Ancestrale%20NV&fromURL=/webapp/wcs/stores/servlet/CatalogSearchResultView?storeId=10051%26catalogId=10051%26langId=-1%26categoryId=1334028%26categoryType=%26top_category=%26parent_category_rn=%26sortBy=5%26searchSource=E%26pageView=%26beginIndex=1590,,
1398,1398,Domaine La Grande Cote Cremant de Bourgogne NV,https://www.finewineandgoodspirits.com/webapp/wcs/stores/servlet/ProductDisplay?catalogId=10051&storeId=10051&productId=1972004&langId=-1&partNumber=000099251prod&errorViewName=ProductDisplayErrorView&categoryId=1334028&top_category=1334028&parent_category_rn=1334028&urlLangId=&categoryType=Wines&fromURL=%2fwebapp%2fwcs%2fstores%2fservlet%2fCatalogSearchResultView%3fstoreId%3d10051%26catalogId%3d10051%26langId%3d-1%26categoryId%3d1334028%26categoryType%3d%26top_category%3d%26parent_category_rn%3d%26sortBy%3d5%26searchSource%3dE%26pageView%3d%26beginIndex%3d1590,15.99,99251,None Available,https://www.finewineandgoodspirits.com/webapp/wcs/stores/servlet/ProductDetailInStore?ItemCode=000099251&catalogId=10051&storeId=10051&langId=-1&prodlistCatId=1334028&parent_category_rn=1334028&ProdName=Domaine%20La%20Grande%20Cote%20Cremant%20de%20Bourgogne%20NV&fromURL=/webapp/wcs/stores/servlet/CatalogSearchResultView?storeId=10051%26catalogId=10051%26langId=-1%26categoryId=1334028%26categoryType=%26top_category=%26parent_category_rn=%26sortBy=5%26searchSource=E%26pageView=%26beginIndex=1590,,
1399,1399,Bailly Reverdy Sancerre Chavignol 2015 375ML,https://www.finewineandgoodspirits.com/webapp/wcs/stores/servlet/ProductDisplay?catalogId=10051&storeId=10051&productId=1972034&langId=-1&partNumber=000099266prod&errorViewName=ProductDisplayErrorView&categoryId=1334028&top_category=1334028&parent_category_rn=1334028&urlLangId=&categoryType=Wines&fromURL=%2fwebapp%2fwcs%2fstores%2fservlet%2fCatalogSearchResultView%3fstoreId%3d10051%26catalogId%3d10051%26langId%3d-1%26categoryId%3d1334028%26categoryType%3d%26top_category%3d%26parent_category_rn%3d%26sortBy%3d5%26searchSource%3dE%26pageView%3d%26beginIndex%3d1590,7.49,99266,None Available,https://www.finewineandgoodspirits.com/webapp/wcs/stores/servlet/ProductDetailInStore?ItemCode=000099266&catalogId=10051&storeId=10051&langId=-1&prodlistCatId=1334028&parent_category_rn=1334028&ProdName=Bailly%20Reverdy%20Sancerre%20Chavignol%202015%20375ML&fromURL=/webapp/wcs/stores/servlet/CatalogSearchResultView?storeId=10051%26catalogId=10051%26langId=-1%26categoryId=1334028%26categoryType=%26top_category=%26parent_category_rn=%26sortBy=5%26searchSource=E%26pageView=%26beginIndex=1590,,
